0 3.878351687013766 -24.815486152939922
1 8.876390011760304 -24.95553223237387
2 13.874428336506842 -25.09557831180782
3 18.87246666125338 -25.23562439124177
4 23.87050498599992 -25.37567047067572
5 28.868543310746457 -25.51571655010967
6 33.86658163549299 -25.655762629543617
7 38.86461996023953 -25.795808708977567
8 43.86265828498607 -25.93585478841152
9 48.86069660973261 -26.075900867845466
10 53.858734934479145 -26.215946947279416
11 58.85677325922568 -26.355993026713367
12 63.85481158397223 -26.496039106147315
13 68.85284990871877 -26.636085185581265
14 73.85088823346531 -26.776131265015216
15 78.84892655821184 -26.916177344449164
16 83.84696488295839 -27.056223423883115
17 88.84500320770492 -27.196269503317062
18 93.84304153245147 -27.336315582751013
19 113.83519483143762 -27.896499900486813
20 113.83519483143762 -27.896499900486813
21 118.83323315618415 -28.03654597992076
22 123.8312714809307 -28.17659205935471
23 128.82930980567724 -28.31663813878866
24 133.82734813042376 -28.45668421822261
25 138.8253864551703 -28.59673029765656
26 143.82342477991685 -28.736776377090507
27 148.8214631046634 -28.876822456524458
28 153.8195014294099 -29.01686853595841
29 158.81753975415646 -29.15691461539236
30 163.815578078903 -29.296960694826307
31 168.81361640364952 -29.437006774260258
32 173.81165472839606 -29.577052853694205
33 178.8096930531426 -29.717098933128156
34 183.80773137788916 -29.857145012562107
35 188.80576970263567 -29.997191091996058
36 193.80380802738222 -30.137237171430005
37 198.80184635212876 -30.277283250863956
38 203.7998846768753 -30.417329330297903
39 208.79792300162183 -30.557375409731854
40 213.79596132636837 -30.697421489165805
41 218.79399965111492 -30.837467568599752
42 223.79203797586146 -30.977513648033703
43 228.79007630060798 -31.11755972746765
44 233.78811462535452 -31.2576058069016
45 238.78615295010107 -31.397651886335552
46 243.78419127484761 -31.537697965769503
47 248.78222959959413 -31.67774404520345
48 253.78026792434068 -31.8177901246374
49 258.77830624908717 -31.95783620407135
50 263.77634457383374 -32.0978822835053
51 268.77438289858026 -32.23792836293925
52 273.77242122332683 -32.3779744423732
53 278.77045954807335 -32.518020521807145
54 283.76849787281986 -32.658066601241096
55 288.76653619756644 -32.79811268067505
56 293.76457452231296 -32.938158760109
57 298.7626128470595 -33.07820483954295
58 303.76065117180605 -33.21825091897689
59 308.75868949655256 -33.35829699841085
60 313.75672782129914 -33.498343077844794
61 316.6156057430541 -33.578449435281016
62 319.4644875881596 -33.65827570055836
63 322.32336550991465 -33.738382057994585
64 325.1822434316697 -33.81848841543081
65 328.0411213534247 -33.89859477286703
66 330.8900031985302 -33.978421038144376
67 333.74888112028526 -34.0585273955806
68 333.8289874777215 -31.19964947382556
69 333.90881374299886 -28.35076762872004
70 333.98892010043505 -25.491889706965033
71 334.0690264578713 -22.63301178521
72 334.1491328153075 -19.774133863454992
73 334.22895908058484 -16.925252018349475
74 334.3090654380211 -14.06637409659444
75 331.45018751626606 -13.986267739158219
76 328.60130567116056 -13.906441473880871
77 325.7424277494055 -13.82633511644465
78 322.8835498276505 -13.746228759008432
79 320.02467190589545 -13.66612240157221
80 317.17579006078995 -13.586296136294862
81 314.31691213903497 -13.50618977885864
82 309.3188738142884 -13.366143699424693
83 304.3208354895419 -13.226097619990743
84 299.3227971647953 -13.086051540556792
85 294.3247588400488 -12.946005461122844
86 289.32672051530227 -12.805959381688893
87 284.3286821905557 -12.665913302254943
88 279.3306438658092 -12.525867222820995
89 274.33260554106266 -12.385821143387044
90 269.3345672163161 -12.245775063953095
91 264.33652889156957 -12.105728984519146
92 259.338490566823 -11.965682905085195
93 254.34045224207648 -11.825636825651246
94 249.34241391732994 -11.685590746217297
95 244.34437559258342 -11.545544666783346
96 239.34633726783687 -11.405498587349397
97 234.34829894309033 -11.265452507915448
98 229.35026061834378 -11.125406428481497
99 224.35222229359726 -10.98536034904755
100 219.35418396885072 -10.8453142696136
101 214.35614564410417 -10.705268190179648
102 209.35810731935763 -10.565222110745701
103 204.3600689946111 -10.42517603131175
104 199.36203066986457 -10.285129951877801
105 194.36399234511802 -10.145083872443852
106 189.36595402037148 -10.005037793009901
107 184.36791569562496 -9.864991713575952
108 179.3698773708784 -9.724945634142003
109 174.37183904613187 -9.584899554708052
110 169.37380072138532 -9.444853475274103
111 164.3757623966388 -9.304807395840154
112 159.37772407189226 -9.164761316406203
113 154.37968574714571 -9.024715236972256
114 149.3816474223992 -8.884669157538305
115 144.38360909765265 -8.744623078104354
116 139.3855707729061 -8.604576998670407
117 134.38753244815956 -8.464530919236456
118 129.38949412341304 -8.324484839802507
119 124.39145579866648 -8.184438760368558
120 119.39341747391994 -8.044392680934607
121 114.39537914917341 -7.904346601500658
122 111.53650122741837 -7.824240244064438
123 108.68761938231285 -7.744413978787087
124 105.82874146055784 -7.6643076213508685
125 102.96986353880281 -7.5842012639146485
126 100.11098561704777 -7.504094906478429
127 97.26210377194228 -7.4242686412010785
128 94.40322585018725 -7.3441622837648595
129 94.48333220762348 -4.485284362009826
130 94.56315847290082 -1.6364025169043044
131 94.64326483033705 1.2224754048507007
132 94.72337118777327 4.0813533266057345
133 94.80347754520949 6.940231248360739
134 94.88330381048684 9.789113093466261
135 94.96341016792306 12.647991015221294
136 97.82228808967808 12.567884657785074
137 100.67116993478358 12.488058392507723
138 103.53004785653862 12.407952035071503
139 106.38892577829364 12.327845677635285
140 109.24780370004865 12.247739320199067
141 112.09668554515417 12.167913054921714
142 114.95556346690921 12.087806697485494
143 119.95360179165574 11.947760618051545
144 124.95164011640229 11.807714538617596
145 129.94967844114882 11.667668459183647
146 134.94771676589534 11.527622379749698
147 139.94575509064188 11.387576300315747
148 144.94379341538843 11.247530220881798
149 149.94183174013497 11.107484141447848
150 154.9398700648815 10.967438062013898
151 159.93790838962803 10.827391982579949
152 164.93594671437458 10.687345903146
153 169.9339850391211 10.547299823712049
154 174.93202336386764 10.4072537442781
155 179.9300616886142 10.26720766484415
156 184.92810001336073 10.1271615854102
157 189.92613833810725 9.98711550597625
158 194.9241766628538 9.847069426542301
159 199.92221498760034 9.70702334710835
160 204.9202533123469 9.566977267674403
161 209.9182916370934 9.426931188240452
162 214.91632996183995 9.286885108806503
163 219.9143682865865 9.146839029372554
164 224.91240661133304 9.006792949938603
165 229.91044493607956 8.866746870504654
166 234.9084832608261 8.726700791070705
167 239.90652158557265 8.586654711636754
168 244.9045599103192 8.446608632202805
169 249.9025982350657 8.306562552768856
170 254.90063655981226 8.166516473334905
171 259.8986748845588 8.026470393900956
172 264.89671320930535 7.886424314467007
173 269.89475153405186 7.746378235033057
174 274.89278985879844 7.606332155599108
175 279.89082818354495 7.466286076165158
176 284.88886650829147 7.326239996731209
177 289.88690483303805 7.186193917297258
178 294.88494315778456 7.046147837863309
179 299.8829814825311 6.90610175842936
180 304.88101980727765 6.766055678995411
181 309.87905813202417 6.62600959956146
182 314.87709645677074 6.485963520127511
183 319.87513478151726 6.345917440693562
184 324.8731731062638 6.205871361259611
185 329.87121143101035 6.065825281825662
186 334.86924975575687 5.925779202391713
187 337.7281276775119 5.845672844955493
188 340.5770095226174 5.765846579678142
189 343.43588744437244 5.6857402222419235
190 346.2947653661275 5.605633864805704
191 349.1536432878825 5.525527507369484
192 352.002525132988 5.4457012420921345
193 354.86140305474305 5.3655948846559145
194 354.78129669730686 2.5067169629008816
195 354.7014704320295 -0.34216488220464036
196 354.62136407459326 -3.201042803959645
197 354.54125771715707 -6.059920725714678
198 354.4611513597208 -8.918798647469684
199 354.38132509444347 -11.767680492575204
200 354.3012187370073 -14.626558414330237
201 354.16117265757333 -19.624596739076775
202 354.0211265781394 -24.622635063823314
203 353.8810804987054 -29.620673388569855
204 353.74103441927144 -34.618711713316394
205 353.66092806183525 -37.477589635071425
206 353.5811017965579 -40.32647148017695
207 353.50099543912165 -43.18534940193195
208 353.42088908168546 -46.04422732368698
209 353.34078272424927 -48.903105245441985
210 353.26095645897186 -51.75198709054751
211 353.18085010153567 -54.61086501230254
212 350.32197217978063 -54.53075865486632
213 347.47309033467513 -54.45093238958897
214 344.6142124129201 -54.37082603215275
215 341.75533449116506 -54.290719674716534
216 338.89645656941 -54.21061331728031
217 336.0475747243045 -54.130787052002965
218 333.1886968025495 -54.05068069456674
219 328.19065847780297 -53.91063461513279
220 323.1926201530564 -53.77058853569885
221 318.1945818283099 -53.63054245626489
222 313.19654350356336 -53.49049637683095
223 308.1985051788168 -53.350450297396996
224 303.20046685407027 -53.210404217963045
225 298.2024285293237 -53.070358138529095
226 293.2043902045772 -52.930312059095144
227 288.20635187983066 -52.7902659796612
228 283.2083135550841 -52.65021990022725
229 278.2102752303376 -52.5101738207933
230 273.21223690559106 -52.37012774135935
231 268.2141985808445 -52.2300816619254
232 263.21616025609796 -52.09003558249145
233 258.2181219313514 -51.9499895030575
234 253.22008360660487 -51.80994342362355
235 248.22204528185833 -51.6698973441896
236 243.2240069571118 -51.52985126475565
237 238.22596863236527 -51.3898051853217
238 233.22793030761872 -51.249759105887755
239 228.22989198287218 -51.109713026453804
240 223.23185365812566 -50.96966694701985
241 218.2338153333791 -50.8296208675859
242 213.23577700863257 -50.68957478815195
243 208.23773868388602 -50.549528708718
244 203.2397003591395 -50.40948262928406
245 198.24166203439296 -50.269436549850106
246 193.2436237096464 -50.129390470416155
247 188.24558538489987 -49.989344390982204
248 183.24754706015335 -49.84929831154825
249 178.2495087354068 -49.70925223211431
250 173.25147041066026 -49.56920615268036
251 168.25343208591372 -49.42916007324641
252 163.2553937611672 -49.28911399381246
253 158.25735543642065 -49.149067914378506
254 153.2593171116741 -49.00902183494456
255 148.2612787869276 -48.86897575551061
256 143.26324046218105 -48.72892967607666
257 138.2652021374345 -48.58888359664271
258 133.26716381268795 -48.44883751720876
259 128.26912548794144 -48.30879143777481
260 123.27108716319489 -48.16874535834086
261 118.27304883844835 -48.02869927890691
262 113.27501051370182 -47.88865319947296
263 108.27697218895527 -47.74860712003901
264 103.27893386420874 -47.60856104060506
265 98.2808955394622 -47.46851496117111
266 93.28285721471566 -47.328468881737166
267 88.28481888996912 -47.188422802303215
268 83.28678056522259 -47.048376722869264
269 78.28874224047604 -46.90833064343531
270 73.29070391572951 -46.76828456400136
271 68.29266559098296 -46.62823848456741
272 63.29462726623643 -46.48819240513347
273 58.29658894148989 -46.34814632569952
274 53.29855061674335 -46.208100246265566
275 48.30051229199681 -46.068054166831615
276 43.30247396725027 -45.928008087397664
277 38.304435642503734 -45.78796200796372
278 33.306397317757195 -45.64791592852977
279 28.30835899301066 -45.50786984909582
280 23.310320668264122 -45.36782376966187
281 18.312282343517584 -45.22777769022792
282 13.314244018771044 -45.087731610793966
283 8.316205694024505 -44.94768553136002
284 3.3181673692779676 -44.80763945192607
285 -1.6798709554685707 -44.66759337249212
286 -6.677909280215109 -44.52754729305817
287 -11.675947604961648 -44.38750121362422
288 -16.673985929708184 -44.247455134190275
289 -21.672024254454723 -44.107409054756324
290 -26.67006257920126 -43.967362975322374
291 -31.6681009039478 -43.82731689588842
292 -36.666139228694334 -43.68727081645447
293 -41.66417755344087 -43.54722473702052
294 -46.66221587818741 -43.40717865758658
295 -51.66025420293395 -43.267132578152626
296 -56.65829252768049 -43.127086498718676
297 -61.656330852427025 -42.987040419284725
298 -66.65436917717356 -42.846994339850774
299 -71.65240750192011 -42.70694826041682
300 -76.65044582666664 -42.56690218098288
301 -81.64848415141319 -42.42685610154893
302 -86.64652247615972 -42.28681002211498
303 -89.50540039791476 -42.206703664678756
304 -92.35428224302025 -42.12687739940141
305 -95.21316016477527 -42.04677104196519
306 -98.07203808653031 -41.966664684528965
307 -100.93091600828535 -41.88655832709275
308 -103.77979785339083 -41.806732061815396
309 -106.63867577514587 -41.72662570437918
310 -106.55856941770965 -38.86774778262415
311 -106.4787431524323 -36.018865937518626
312 -106.39863679499608 -33.15998801576362
313 -106.31853043755986 -30.30111009400859
314 -106.23842408012365 -27.442232172253583
315 -106.15859781484629 -24.59335032714806
316 -106.07849145741007 -21.734472405393028
317 -103.21961353565503 -21.81457876282925
318 -100.37073169054955 -21.8944050281066
319 -97.51185376879451 -21.97451138554282
320 -94.65297584703947 -22.054617742979037
321 -91.79409792528445 -22.13472410041526
322 -88.94521608017895 -22.21455036569261
323 -86.08633815842391 -22.294656723128828
324 -81.08829983367738 -22.43470280256278
325 -76.09026150893084 -22.574748881996726
326 -71.0922231841843 -22.714794961430677
327 -66.09418485943776 -22.854841040864628
328 -61.09614653469123 -22.994887120298575
329 -56.09810820994469 -23.134933199732526
330 -51.10006988519815 -23.274979279166473
331 -46.102031560451614 -23.415025358600424
332 -41.103993235705076 -23.555071438034375
333 -36.10595491095854 -23.695117517468322
334 -31.107916586212003 -23.835163596902273
335 -26.109878261465465 -23.975209676336224
336 -21.111839936718926 -24.11525575577017
337 -16.113801611972388 -24.255301835204122
338 -11.11576328722585 -24.395347914638073
339 -6.11772496247931 -24.53539399407202
0 -1.1196866377327723 -24.67544007350597
