0 78.3323627753517 133.161095126874
1 83.33040110009823 133.02104904744004
2 88.32843942484477 132.8810029680061
3 93.3264777495913 132.74095688857216
4 98.32451607433785 132.6009108091382
5 103.32255439908438 132.46086472970424
6 108.32059272383093 132.3208186502703
7 113.31863104857746 132.18077257083635
8 118.316669373324 132.0407264914024
9 123.31470769807054 131.90068041196847
10 128.31274602281707 131.7606343325345
11 133.3107843475636 131.62058825310055
12 138.30882267231013 131.4805421736666
13 143.30686099705667 131.34049609423266
14 148.30489932180322 131.20045001479872
15 153.30293764654976 131.06040393536475
16 158.30097597129628 130.9203578559308
17 163.29901429604283 130.78031177649686
18 168.29705262078937 130.64026569706292
19 173.2950909455359 130.50021961762897
20 178.29312927028244 130.360173538195
21 183.29116759502898 130.22012745876106
22 188.28920591977553 130.0800813793271
23 193.28724424452204 129.94003529989317
24 198.2852825692686 129.79998922045922
25 203.28332089401513 129.65994314102525
26 208.28135921876168 129.5198970615913
27 213.2793975435082 129.37985098215736
28 218.27743586825474 129.23980490272342
29 223.2754741930013 129.09975882328945
30 228.27351251774783 128.9597127438555
31 233.27155084249435 128.81966666442156
32 238.2695891672409 128.67962058498762
33 243.26762749198744 128.53957450555367
34 248.26566581673399 128.3995284261197
35 253.2637041414805 128.25948234668576
36 258.2617424662271 128.1194362672518
37 261.1206203879821 128.0393299098156
38 263.9695022330876 127.95950364453824
39 266.82838015484265 127.87939728710202
40 269.6872580765977 127.7992909296658
41 272.5461359983527 127.71918457222958
42 275.3950178434582 127.63935830695223
43 278.25389576521326 127.55925194951601
44 278.173789407777 124.70037402776097
45 278.09396314249966 121.85149218265548
46 278.01385678506347 118.99261426090045
47 277.9337504276272 116.13373633914543
48 277.853644070191 113.27485841739042
49 277.7738178049137 110.42597657228488
50 277.6937114474774 107.56709865052987
51 274.8348335257224 107.6472050079661
52 271.9859516806169 107.72703127324345
53 269.12707375886185 107.80713763067966
54 266.2681958371068 107.88724398811588
55 263.4093179153518 107.9673503455521
56 260.5604360702463 108.04717661082945
57 257.70155814849124 108.12728296826567
58 252.70351982374473 108.26732904769963
59 247.7054814989982 108.40737512713358
60 242.70744317425167 108.54742120656752
61 237.70940484950512 108.68746728600148
62 232.71136652475857 108.82751336543542
63 227.71332820001206 108.96755944486938
64 222.7152898752655 109.10760552430332
65 217.71725155051897 109.24765160373727
66 212.71921322577242 109.38769768317123
67 207.7211749010259 109.52774376260517
68 202.72313657627936 109.66778984203913
69 197.7250982515328 109.80783592147307
70 192.72705992678627 109.94788200090701
71 187.72902160203975 110.08792808034097
72 182.7309832772932 110.22797415977492
73 177.73294495254666 110.36802023920887
74 172.73490662780011 110.50806631864282
75 167.7368683030536 110.64811239807676
76 162.73882997830705 110.78815847751072
77 157.7407916535605 110.92820455694466
78 152.742753328814 111.06825063637862
79 147.74471500406744 111.20829671581257
80 142.7466766793209 111.34834279524651
81 137.74863835457435 111.48838887468047
82 132.75060002982784 111.62843495411441
83 127.75256170508128 111.76848103354837
84 122.75452338033473 111.90852711298231
85 117.7564850555882 112.04857319241627
86 112.75844673084165 112.18861927185021
87 107.76040840609512 112.32866535128416
88 102.76237008134858 112.46871143071812
89 97.76433175660205 112.60875751015206
90 92.7662934318555 112.74880358958602
91 87.76825510710897 112.88884966901996
92 82.77021678236243 113.0288957484539
93 77.7721784576159 113.16894182788786
94 72.77414013286935 113.30898790732181
95 67.77610180812282 113.44903398675577
96 62.77806348337627 113.58908006618971
97 57.78002515862973 113.72912614562367
98 52.781986833883195 113.86917222505761
99 47.78394850913666 114.00921830449155
100 42.78591018439012 114.14926438392551
101 37.78787185964358 114.28931046335946
102 32.78983353489705 114.42935654279341
103 27.791795210150507 114.56940262222736
104 22.79375688540397 114.7094487016613
105 17.79571856065743 114.84949478109526
106 12.797680235910892 114.9895408605292
107 7.799641911164355 115.12958693996316
108 2.8016035864178166 115.2696330193971
109 -2.1964347383287217 115.40967909883105
110 -7.19447306307526 115.549725178265
111 -12.1925113878218 115.68977125769895
112 -17.190549712568338 115.82981733713291
113 -22.188588037314876 115.96986341656685
114 -25.04746595906991 116.04996977400307
115 -27.896347804175402 116.12979603928042
116 -30.755225725930437 116.20990239671664
117 -33.61410364768547 116.29000875415286
118 -36.4729815694405 116.37011511158909
119 -39.321863414545994 116.44994137686643
120 -42.180741336301026 116.53004773430266
121 -42.26084769373725 113.67116981254763
122 -42.340673959014595 110.8222879674421
123 -42.420780316450816 107.96341004568708
124 -42.50088667388703 105.10453212393206
125 -42.58099303132325 102.24565420217705
126 -42.66081929660061 99.39677235707151
127 -42.74092565403682 96.5378944353165
128 -39.88204773228179 96.45778807788028
129 -37.033165887176295 96.37796181260293
130 -34.174287965421264 96.29785545516671
131 -31.315410043666233 96.21774909773049
132 -28.4565321219112 96.13764274029427
133 -25.607650276805707 96.05781647501692
134 -22.748772355050672 95.9777101175807
135 -17.750734030304134 95.83766403814676
136 -12.752695705557597 95.6976179587128
137 -7.754657380811059 95.55757187927885
138 -2.7566190560645203 95.4175257998449
139 2.241419268682018 95.27747972041095
140 7.239457593428556 95.13743364097701
141 12.237495918175094 94.99738756154305
142 17.235534242921634 94.8573414821091
143 22.233572567668173 94.71729540267515
144 27.23161089241471 94.5772493232412
145 32.229649217161246 94.43720324380726
146 37.227687541907784 94.2971571643733
147 42.22572586665432 94.15711108493936
148 47.22376419140086 94.0170650055054
149 52.2218025161474 93.87701892607146
150 57.21984084089394 93.73697284663751
151 62.217879165640475 93.59692676720356
152 67.21591749038701 93.45688068776961
153 72.21395581513355 93.31683460833565
154 77.21199413988009 93.17678852890171
155 82.21003246462662 93.03674244946775
156 87.20807078937317 92.89669637003381
157 92.2061091141197 92.75665029059986
158 97.20414743886624 92.6166042111659
159 117.1963007378524 92.05641989343012
160 117.1963007378524 92.05641989343012
161 122.19433906259893 91.91637381399616
162 127.19237738734547 91.77632773456222
163 132.19041571209203 91.63628165512826
164 137.18845403683855 91.49623557569431
165 142.1864923615851 91.35618949626036
166 147.18453068633164 91.21614341682641
167 152.1825690110782 91.07609733739247
168 157.1806073358247 90.93605125795851
169 162.17864566057125 90.79600517852457
170 167.1766839853178 90.65595909909061
171 172.1747223100643 90.51591301965667
172 177.17276063481086 90.37586694022272
173 182.1707989595574 90.23582086078876
174 187.16883728430395 90.09577478135482
175 192.16687560905046 89.95572870192086
176 197.164913933797 89.81568262248692
177 202.16295225854356 89.67563654305297
178 207.1609905832901 89.53559046361902
179 212.15902890803662 89.39554438418507
180 217.15706723278316 89.25549830475111
181 222.1551055575297 89.11545222531717
182 227.15314388227625 88.97540614588323
183 232.15118220702277 88.83536006644927
184 237.14922053176932 88.69531398701533
185 242.14725885651586 88.55526790758137
186 247.1452971812624 88.41522182814742
187 252.14333550600892 88.27517574871348
188 257.14137383075547 88.13512966927952
189 262.139412155502 87.99508358984558
190 267.13745048024856 87.85503751041162
191 272.1354888049951 87.71499143097768
192 277.13352712974165 87.57494535154372
193 282.13156545448817 87.43489927210977
194 287.1296037792347 87.29485319267583
195 292.12764210398126 87.15480711324187
196 297.1256804287278 87.01476103380793
197 302.1237187534743 86.87471495437397
198 307.12175707822087 86.73466887494003
199 312.1197954029674 86.59462279550607
200 317.11783372771396 86.45457671607213
201 322.1158720524605 86.31453063663818
202 327.113910377207 86.17448455720422
203 332.11194870195357 86.03443847777028
204 337.1099870267001 85.89439239833632
205 339.9688649484551 85.81428604090011
206 342.8177467935606 85.73445977562275
207 345.67662471531565 85.65435341818655
208 348.5355026370707 85.57424706075032
209 351.39438055882573 85.4941407033141
210 354.2432624039312 85.41431443803675
211 357.10214032568626 85.33420808060053
212 357.02203396825 82.47533015884551
213 356.94220770297267 79.62644831373997
214 356.8621013455365 76.76757039198498
215 356.7819949881002 73.90869247022994
216 356.70188863066403 71.04981454847491
217 356.6220623653867 68.20093270336939
218 356.54195600795043 65.34205478161438
219 353.6830780861954 65.4221611390506
220 350.8341962410899 65.50198740432795
221 347.97531831933486 65.58209376176417
222 345.1164403975798 65.66220011920039
223 342.2575624758248 65.7423064766366
224 339.4086806307193 65.82213274191396
225 336.54980270896425 65.90223909935017
226 331.55176438421773 66.04228517878413
227 326.55372605947116 66.18233125821807
228 321.55568773472464 66.32237733765203
229 316.5576494099781 66.46242341708597
230 311.55961108523155 66.60246949651992
231 306.56157276048503 66.74251557595387
232 301.56353443573846 66.88256165538782
233 296.56549611099194 67.02260773482178
234 291.5674577862454 67.16265381425572
235 286.56941946149885 67.30269989368968
236 281.57138113675234 67.44274597312362
237 276.5733428120058 67.58279205255756
238 271.57530448725925 67.72283813199152
239 266.57726616251273 67.86288421142547
240 261.57922783776615 68.00293029085942
241 256.58118951301964 68.14297637029337
242 251.58315118827312 68.28302244972733
243 246.5851128635266 68.42306852916127
244 241.58707453878006 68.56311460859521
245 236.5890362140335 68.70316068802917
246 231.59099788928697 68.84320676746312
247 226.59295956454045 68.98325284689707
248 221.5949212397939 69.12329892633102
249 216.59688291504736 69.26334500576496
250 211.5988445903008 69.40339108519892
251 206.6008062655543 69.54343716463286
252 201.60276794080775 69.68348324406682
253 196.6047296160612 69.82352932350076
254 191.60669129131466 69.96357540293471
255 186.60865296656814 70.10362148236867
256 181.6106146418216 70.24366756180261
257 176.61257631707505 70.38371364123657
258 171.6145379923285 70.52375972067051
259 166.616499667582 70.66380580010446
260 161.61846134283545 70.80385187953841
261 156.6204230180889 70.94389795897236
262 151.62238469334238 71.08394403840632
263 146.62434636859584 71.22399011784026
264 141.6263080438493 71.3640361972742
265 136.62826971910275 71.50408227670816
266 131.63023139435623 71.6441283561421
267 126.63219306960968 71.78417443557606
268 121.63415474486314 71.92422051501
269 116.63611642011661 72.06426659444396
270 111.63807809537006 72.20431267387791
271 106.64003977062353 72.34435875331185
272 101.64200144587699 72.48440483274581
273 96.64396312113045 72.62445091217975
274 91.64592479638391 72.76449699161371
275 86.64788647163738 72.90454307104766
276 81.64984814689083 73.0445891504816
277 76.6518098221443 73.18463522991556
278 71.65377149739776 73.3246813093495
279 66.65573317265122 73.46472738878346
280 61.65769484790468 73.6047734682174
281 56.65965652315814 73.74481954765136
282 51.6616181984116 73.8848656270853
283 46.663579873665064 74.02491170651925
284 41.665541548918526 74.1649577859532
285 36.66750322417199 74.30500386538715
286 31.66946489942545 74.44504994482111
287 26.67142657467891 74.58509602425505
288 21.673388249932373 74.725142103689
289 16.675349925185834 74.86518818312295
290 11.677311600439296 75.0052342625569
291 6.679273275692758 75.14528034199085
292 1.6812349509462199 75.2853264214248
293 -3.3168033738003184 75.42537250085874
294 -8.314841698546857 75.5654185802927
295 -13.312880023293395 75.70546465972664
296 -18.310918348039934 75.8455107391606
297 -23.308956672786472 75.98555681859455
298 -28.30699499753301 76.12560289802849
299 -33.30503332227954 76.26564897746245
300 -38.30307164702608 76.40569505689639
301 -43.30110997177262 76.54574113633035
302 -46.159987893527656 76.62584749376657
303 -49.008869738633145 76.70567375904392
304 -51.86774766038818 76.78578011648014
305 -54.726625582143214 76.86588647391635
306 -57.585503503898245 76.94599283135257
307 -60.43438534900374 77.02581909662993
308 -63.29326327075877 77.10592545406614
309 -63.21315691332256 79.96480337582115
310 -63.1333306480452 82.81368522092667
311 -63.05322429060899 85.6725631426817
312 -62.973117933172766 88.53144106443673
313 -62.893011575736544 91.39031898619173
314 -62.8131853104592 94.23920083129727
315 -62.733078953022975 97.09807875305229
316 -62.593032873589024 102.09611707779882
317 -62.45298679415508 107.09415540254537
318 -62.31294071472113 112.0921937272919
319 -62.17289463528718 117.09023205203844
320 -62.09278827785096 119.94910997379345
321 -62.01296201257361 122.79799181889899
322 -61.93285565513739 125.656869740654
323 -61.852749297701166 128.51574766240904
324 -61.77264294026495 131.37462558416405
325 -61.6928166749876 134.22350742926955
326 -61.61271031755138 137.08238535102458
327 -58.75383239579635 137.00227899358836
328 -55.904950550690856 136.92245272831101
329 -53.046072628935825 136.8423463708748
330 -50.187194707180794 136.76224001343857
331 -47.328316785425756 136.68213365600235
332 -44.47943494032027 136.602307390725
333 -41.62055701856523 136.52220103328878
334 -36.62251869381869 136.38215495385484
335 -31.62448036907215 136.2421088744209
336 -26.626442044325614 136.10206279498695
337 -21.628403719579076 135.962016715553
338 -16.630365394832538 135.82197063611903
339 -11.632327070086 135.6819245566851
340 -6.634288745339462 135.54187847725115
341 -1.6362504205929236 135.4018323978172
342 3.3617879041536147 135.26178631838326
343 8.359826228900154 135.1217402389493
344 13.357864553646692 134.98169415951534
345 18.35590287839323 134.8416480800814
346 23.35394120313977 134.70160200064745
347 28.351979527886307 134.56155592121348
348 33.350017852632845 134.42150984177954
349 38.34805617737938 134.2814637623456
350 43.346094502125915 134.14141768291165
351 48.34413282687245 134.0013716034777
352 53.34217115161899 133.86132552404374
353 58.34020947636553 133.7212794446098
354 63.33824780111207 133.58123336517585
355 68.33628612585862 133.4411872857419
0 73.33432445060515 133.30114120630796
