0 -118.68233203632832 38.64223918658766
1 -121.5312138814338 38.722065451865014
2 -124.39009180318884 38.802171809301235
3 -124.47019816062505 35.94329388754621
4 -124.55002442590241 33.09441204244069
5 -124.63013078333861 30.235534120685667
6 -124.71023714077484 27.376656198930636
7 -124.79034349821106 24.517778277175616
8 -124.8701697634884 21.668896432070095
9 -124.95027612092463 18.810018510315075
10 -122.09139819916959 18.729912152878857
11 -119.24251635406411 18.650085887601506
12 -116.38363843230907 18.569979530165284
13 -113.52476051055403 18.489873172729066
14 -110.66588258879901 18.409766815292848
15 -107.81700074369351 18.329940550015497
16 -104.95812282193847 18.24983419257928
17 -99.96008449719194 18.109788113145328
18 -94.9620461724454 17.969742033711377
19 -89.96400784769887 17.82969595427743
20 -84.96596952295232 17.68964987484348
21 -79.96793119820579 17.549603795409528
22 -74.96989287345924 17.40955771597558
23 -69.97185454871271 17.26951163654163
24 -64.97381622396617 17.12946555710768
25 -59.97577789921963 16.98941947767373
26 -54.97773957447309 16.84937339823978
27 -49.97970124972655 16.709327318805833
28 -44.981662924980014 16.569281239371882
29 -39.983624600233476 16.42923515993793
30 -34.98558627548694 16.289189080503984
31 -29.987547950740407 16.149143001070033
32 -24.98950962599387 16.009096921636083
33 -19.99147130124733 15.869050842202133
34 -14.99343297650079 15.729004762768184
35 -9.995394651754252 15.588958683334235
36 -4.997356327007714 15.448912603900284
37 0.0006819977388244913 15.308866524466335
38 4.9987203224853625 15.168820445032386
39 9.996758647231902 15.028774365598437
40 14.99479697197844 14.888728286164486
41 19.992835296724977 14.748682206730537
42 24.990873621471515 14.608636127296588
43 29.988911946218053 14.468590047862637
44 34.98695027096459 14.328543968428688
45 39.98498859571113 14.188497888994739
46 44.98302692045767 14.048451809560788
47 49.981065245204206 13.90840573012684
48 54.979103569950745 13.76835965069289
49 57.83798149170578 13.68825329325667
50 60.68686333681127 13.608427027979321
51 63.54574125856631 13.528320670543101
52 66.40461918032133 13.448214313106881
53 69.26349710207637 13.368107955670661
54 72.11237894718187 13.288281690393312
55 74.9712568689369 13.208175332957092
56 74.89115051150068 10.349297411202059
57 74.81132424622334 7.500415566096537
58 74.73121788878711 4.641537644341533
59 74.65111153135089 1.7826597225864989
60 74.57100517391467 -1.0762181991685063
61 74.49117890863732 -3.9251000442740276
62 74.4110725512011 -6.783977966029061
63 71.55219462944606 -6.703871608592841
64 68.70331278434057 -6.62404534331549
65 65.84443486258553 -6.543938985879271
66 62.985556940830506 -6.463832628443052
67 60.12667901907547 -6.383726271006832
68 57.27779717396998 -6.303900005729481
69 54.41891925221494 -6.223793648293262
70 49.4208809274684 -6.083747568859312
71 44.422842602721865 -5.943701489425363
72 39.424804277975326 -5.803655409991413
73 34.42676595322879 -5.663609330557464
74 29.428727628482257 -5.523563251123514
75 24.43068930373572 -5.383517171689565
76 19.43265097898918 -5.243471092255615
77 14.434612654242642 -5.103425012821665
78 9.436574329496104 -4.963378933387716
79 4.438536004749564 -4.823332853953766
80 -0.559502319996974 -4.683286774519817
81 -5.557540644743512 -4.543240695085867
82 -10.55557896949005 -4.403194615651918
83 -15.553617294236588 -4.263148536217968
84 -20.551655618983126 -4.123102456784018
85 -25.549693943729665 -3.983056377350069
86 -30.547732268476203 -3.843010297916119
87 -35.54577059322274 -3.70296421848217
88 -40.54380891796928 -3.56291813904822
89 -45.54184724271582 -3.4228720596142703
90 -50.539885567462356 -3.282825980180321
91 -55.537923892208894 -3.1427799007463713
92 -60.53596221695543 -3.0027338213124217
93 -65.53400054170197 -2.8626877418784717
94 -70.53203886644852 -2.7226416624445227
95 -75.53007719119505 -2.5825955830105727
96 -80.5281155159416 -2.442549503576623
97 -85.52615384068812 -2.3025034241426736
98 -90.52419216543467 -2.162457344708724
99 -95.5222304901812 -2.0224112652747745
100 -100.52026881492775 -1.882365185840825
101 -105.51830713967428 -1.742319106406875
102 -110.51634546442082 -1.6022730269729255
103 -115.51438378916735 -1.462226947538976
104 -120.5124221139139 -1.3221808681050264
105 -125.51046043866043 -1.182134788671077
106 -128.36933836041544 -1.1020284312348574
107 -131.21822020552094 -1.022202165957507
108 -134.07709812727597 -0.9420958085212874
109 -136.935976049031 -0.8619894510850679
110 -139.79485397078605 -0.7818830936488483
111 -142.64373581589155 -0.7020568283714979
112 -145.50261373764658 -0.6219504709352783
113 -145.42250738021036 2.2369274508197554
114 -145.34268111493301 5.0858092959252765
115 -145.2625747574968 7.944687217680281
116 -145.1824684000606 10.803565139435314
117 -145.10236204262438 13.66244306119032
118 -145.02253577734703 16.51132490629584
119 -144.9424294199108 19.370202828050875
120 -144.80238334047684 24.368241152797413
121 -144.6623372610429 29.36627947754395
122 -144.52229118160895 34.364317802290486
123 -144.382245102175 39.36235612703703
124 -144.30213874473878 42.22123404879205
125 -144.22231247946144 45.070115893897565
126 -144.14220612202521 47.92899381565259
127 -144.062099764589 50.78787173740762
128 -143.98199340715277 53.64674965916264
129 -143.90216714187542 56.49563150426816
130 -143.8220607844392 59.35450942602318
131 -140.96318286268416 59.274403068586956
132 -138.11430101757867 59.19457680330961
133 -135.25542309582363 59.11447044587339
134 -132.3965451740686 59.034364088437165
135 -129.53766725231355 58.95425773100095
136 -126.68878540720806 58.874431465723596
137 -123.82990748545303 58.79432510828738
138 -118.8318691607065 58.65427902885343
139 -113.83383083595996 58.51423294941948
140 -108.83579251121343 58.37418686998553
141 -103.83775418646688 58.23414079055158
142 -98.83971586172035 58.09409471111763
143 -93.8416775369738 57.95404863168368
144 -88.84363921222727 57.81400255224973
145 -83.84560088748073 57.67395647281578
146 -78.8475625627342 57.53391039338183
147 -73.84952423798765 57.39386431394788
148 -68.85148591324112 57.253818234513936
149 -63.853447588494575 57.113772155079985
150 -58.85540926374804 56.973726075646034
151 -53.8573709390015 56.83367999621208
152 -48.85933261425496 56.69363391677813
153 -43.86129428950842 56.55358783734418
154 -38.86325596476188 56.41354175791024
155 -33.865217640015345 56.27349567847629
156 -28.867179315268807 56.133449599042336
157 -23.86914099052227 55.993403519608385
158 -18.87110266577573 55.853357440174435
159 -13.873064341029194 55.71331136074049
160 -8.875026016282655 55.57326528130654
161 -3.876987691536117 55.43321920187259
162 1.1210506332104213 55.29317312243864
163 6.11908895795696 55.15312704300469
164 11.117127282703498 55.01308096357074
165 16.115165607450038 54.87303488413679
166 21.113203932196576 54.73298880470284
167 26.111242256943115 54.59294272526889
168 31.109280581689653 54.45289664583494
169 36.107318906436184 54.31285056640099
170 41.10535723118272 54.17280448696704
171 46.10339555592926 54.032758407533095
172 51.1014338806758 53.892712328099144
173 56.09947220542234 53.75266624866519
174 61.097510530168876 53.61262016923124
175 66.09554885491542 53.47257408979729
176 71.09358717966195 53.33252801036335
177 76.0916255044085 53.1924819309294
178 81.08966382915503 53.052435851495446
179 86.08770215390157 52.912389772061495
180 91.0857404786481 52.772343692627544
181 96.08377880339465 52.63229761319359
182 116.0759321023808 52.0721132954578
183 116.0759321023808 52.0721132954578
184 121.07397042712734 51.932067216023846
185 126.07200875187388 51.792021136589895
186 131.07004707662043 51.65197505715595
187 136.06808540136694 51.511928977722
188 141.0661237261135 51.37188289828805
189 146.06416205086003 51.2318368188541
190 151.06220037560658 51.09179073942015
191 156.0602387003531 50.951744659986204
192 161.05827702509964 50.81169858055225
193 166.0563153498462 50.6716525011183
194 171.0543536745927 50.53160642168435
195 176.05239199933925 50.3915603422504
196 181.0504303240858 50.25151426281646
197 186.04846864883234 50.111468183382506
198 191.04650697357886 49.971422103948555
199 196.0445452983254 49.831376024514604
200 201.04258362307195 49.69132994508065
201 206.0406219478185 49.5512838656467
202 211.038660272565 49.41123778621275
203 216.03669859731156 49.27119170677881
204 221.0347369220581 49.13114562734486
205 226.03277524680465 48.991099547910906
206 231.03081357155116 48.851053468476955
207 236.0288518962977 48.711007389043004
208 241.02689022104425 48.57096130960906
209 246.0249285457908 48.43091523017511
210 251.02296687053732 48.29086915074116
211 256.02100519528386 48.15082307130721
212 261.0190435200304 48.01077699187326
213 266.01708184477695 47.87073091243931
214 271.01512016952347 47.73068483300536
215 276.01315849427004 47.59063875357141
216 281.01119681901656 47.45059267413746
217 286.0092351437631 47.31054659470351
218 291.00727346850965 47.17050051526956
219 296.00531179325617 47.03045443583561
220 301.0033501180027 46.890408356401664
221 306.00138844274926 46.750362276967714
222 310.9994267674958 46.61031619753376
223 315.99746509224235 46.47027011809981
224 320.99550341698887 46.33022403866586
225 325.9935417417354 46.19017795923192
226 330.99158006648196 46.050131879797966
227 335.9896183912285 45.910085800364016
228 338.8484963129835 45.829979442927794
229 341.697378158089 45.750153177650446
230 344.55625607984405 45.670046820214225
231 347.4151340015991 45.589940462778
232 350.2740119233541 45.50983410534179
233 353.1228937684596 45.430007840064434
234 355.98177169021466 45.34990148262822
235 355.90166533277846 42.4910235608732
236 355.8218390675011 39.64214171576768
237 355.74173271006487 36.78326379401266
238 355.6616263526287 33.92438587225763
239 355.5815199951924 31.065507950502607
240 355.5016937299151 28.21662610539709
241 355.4215873724789 25.357748183642073
242 352.56270945072384 25.43785454107829
243 349.71382760561835 25.517680806355642
244 346.8549496838633 25.59778716379186
245 343.9960717621083 25.67789352122808
246 341.13719384035323 25.7579998786643
247 338.28831199524774 25.837826143941648
248 335.4294340734927 25.91793250137787
249 330.4313957487462 26.05797858081182
250 325.4333574239996 26.198024660245768
251 320.4353190992531 26.33807073967972
252 315.4372807745066 26.478116819113666
253 310.43924244976 26.618162898547617
254 305.4412041250135 26.758208977981568
255 300.4431658002669 26.89825505741552
256 295.4451274755204 27.038301136849466
257 290.4470891507739 27.178347216283413
258 285.4490508260273 27.318393295717364
259 280.4510125012808 27.458439375151315
260 275.45297417653427 27.598485454585266
261 270.4549358517877 27.738531534019213
262 265.4568975270412 27.878577613453164
263 260.4588592022946 28.01862369288711
264 255.46082087754806 28.158669772321062
265 250.4627825528015 28.298715851755013
266 245.464744228055 28.438761931188964
267 240.46670590330845 28.57880801062291
268 235.4686675785619 28.718854090056862
269 230.47062925381536 28.85890016949081
270 225.47259092906884 28.99894624892476
271 220.4745526043223 29.13899232835871
272 215.47651427957575 29.27903840779266
273 210.4784759548292 29.41908448722661
274 205.4804376300827 29.55913056666056
275 200.48239930533614 29.699176646094507
276 195.4843609805896 29.839222725528458
277 190.48632265584305 29.97926880496241
278 185.48828433109654 30.119314884396356
279 180.49024600635 30.259360963830307
280 175.49220768160345 30.399407043264254
281 170.4941693568569 30.539453122698205
282 165.49613103211038 30.679499202132156
283 160.49809270736384 30.819545281566107
284 155.5000543826173 30.959591361000054
285 150.50201605787078 31.099637440434005
286 145.50397773312423 31.239683519867953
287 140.50593940837769 31.379729599301903
288 135.50790108363114 31.519775678735854
289 130.50986275888462 31.6598217581698
290 125.51182443413808 31.799867837603752
291 120.51378610939153 31.939913917037703
292 115.515747784645 32.07995999647165
293 110.51770945989846 32.2200060759056
294 105.51967113515192 32.36005215533955
295 100.52163281040538 32.5000982347735
296 95.52359448565885 32.64014431420745
297 90.5255561609123 32.7801903936414
298 85.52751783616577 32.92023647307535
299 80.52947951141923 33.0602825525093
300 75.5314411866727 33.20032863194325
301 70.53340286192615 33.3403747113772
302 65.53536453717962 33.480420790811145
303 60.53732621243308 33.620466870245096
304 55.53928788768654 33.76051294967905
305 50.54124956294 33.900559029113
306 45.543211238193464 34.04060510854695
307 40.545172913446926 34.18065118798089
308 35.54713458870039 34.32069726741484
309 30.549096263953853 34.460743346848794
310 25.551057939207315 34.600789426282745
311 20.553019614460776 34.740835505716696
312 15.554981289714238 34.88088158515065
313 10.5569429649677 35.02092766458459
314 5.5589046402211615 35.16097374401854
315 0.560866315474623 35.30101982345249
316 -4.437172009271915 35.44106590288644
317 -9.435210334018453 35.581111982320394
318 -14.433248658764992 35.72115806175434
319 -19.43128698351153 35.86120414118829
320 -24.42932530825807 36.00125022062224
321 -29.427363633004607 36.14129630005619
322 -34.42540195775114 36.28134237949014
323 -39.42344028249768 36.42138845892409
324 -44.42147860724422 36.561434538358036
325 -49.419516931990756 36.70148061779199
326 -54.417555256737295 36.84152669722594
327 -59.41559358148383 36.98157277665989
328 -64.41363190623038 37.12161885609384
329 -69.41167023097692 37.26166493552779
330 -74.40970855572345 37.401711014961734
331 -79.40774688047 37.541757094395685
332 -84.40578520521653 37.681803173829636
333 -89.40382352996308 37.821849253263586
334 -94.40186185470961 37.96189533269754
335 -99.39990017945615 38.10194141213148
336 -104.39793850420268 38.24198749156543
337 -107.25681642595772 38.322093849001654
338 -110.10569827106322 38.401920114279
339 -112.96457619281824 38.48202647171522
0 -115.82345411457328 38.562132829151444
