0 56.0 56.0
1 51.0 56.0
2 46.0 56.0
3 42.0 55.0
4 42.0 52.0
5 42.0 47.0
6 42.0 42.0
7 45.0 42.0
8 48.0 42.0
9 53.0 42.0
10 58.0 42.0
11 63.0 42.0
12 68.0 42.0
13 73.0 42.0
14 78.0 42.0
15 83.0 42.0
16 88.0 42.0
17 93.0 42.0
18 98.0 42.0
19 103.0 42.0
20 108.0 42.0
21 113.0 42.0
22 118.0 42.0
23 123.0 42.0
24 128.0 42.0
25 133.0 42.0
26 138.0 42.0
27 143.0 42.0
28 148.0 42.0
29 153.0 42.0
30 158.0 42.0
31 163.0 42.0
32 168.0 42.0
33 173.0 42.0
34 178.0 42.0
35 183.0 42.0
36 188.0 42.0
37 193.0 42.0
38 198.0 42.0
39 203.0 42.0
40 208.0 42.0
41 213.0 42.0
42 218.0 42.0
43 223.0 42.0
44 228.0 42.0
45 233.0 42.0
46 238.0 42.0
47 243.0 42.0
48 248.0 42.0
49 253.0 42.0
50 258.0 42.0
51 263.0 42.0
52 268.0 42.0
53 273.0 42.0
54 278.0 42.0
55 283.0 42.0
56 288.0 42.0
57 293.0 42.0
58 294.0 40.0
59 294.0 37.0
60 294.0 32.0
61 293.0 28.0
62 290.0 28.0
63 285.0 28.0
64 280.0 28.0
65 275.0 28.0
66 270.0 28.0
67 265.0 28.0
68 260.0 28.0
69 255.0 28.0
70 250.0 28.0
71 245.0 28.0
72 240.0 28.0
73 235.0 28.0
74 230.0 28.0
75 225.0 28.0
76 220.0 28.0
77 215.0 28.0
78 210.0 28.0
79 205.0 28.0
80 200.0 28.0
81 195.0 28.0
82 190.0 28.0
83 185.0 28.0
84 180.0 28.0
85 175.0 28.0
86 170.0 28.0
87 165.0 28.0
88 160.0 28.0
89 155.0 28.0
90 150.0 28.0
91 145.0 28.0
92 140.0 28.0
93 135.0 28.0
94 130.0 28.0
95 125.0 28.0
96 120.0 28.0
97 115.0 28.0
98 110.0 28.0
99 105.0 28.0
100 100.0 28.0
101 95.0 28.0
102 90.0 28.0
103 85.0 28.0
104 80.0 28.0
105 75.0 28.0
106 70.0 28.0
107 65.0 28.0
108 60.0 28.0
109 55.0 28.0
110 50.0 28.0
111 45.0 28.0
112 40.0 28.0
113 35.0 28.0
114 30.0 28.0
115 28.0 29.0
116 28.0 32.0
117 28.0 37.0
118 28.0 42.0
119 28.0 47.0
120 28.0 52.0
121 28.0 57.0
122 28.0 62.0
123 28.0 67.0
124 28.0 70.0
125 31.0 70.0
126 34.0 70.0
127 39.0 70.0
128 44.0 70.0
129 49.0 70.0
130 54.0 70.0
131 59.0 70.0
132 64.0 70.0
133 69.0 70.0
134 74.0 70.0
135 79.0 70.0
136 84.0 70.0
137 89.0 70.0
138 94.0 70.0
139 99.0 70.0
140 104.0 70.0
141 109.0 70.0
142 114.0 70.0
143 119.0 70.0
144 124.0 70.0
145 129.0 70.0
146 134.0 70.0
147 139.0 70.0
148 144.0 70.0
149 149.0 70.0
150 154.0 70.0
151 159.0 70.0
152 164.0 70.0
153 169.0 70.0
154 174.0 70.0
155 179.0 70.0
156 184.0 70.0
157 189.0 70.0
158 194.0 70.0
159 199.0 70.0
160 204.0 70.0
161 209.0 70.0
162 214.0 70.0
163 219.0 70.0
164 224.0 70.0
165 229.0 70.0
166 234.0 70.0
167 239.0 70.0
168 244.0 70.0
169 249.0 70.0
170 254.0 70.0
171 259.0 70.0
172 264.0 70.0
173 269.0 70.0
174 274.0 70.0
175 279.0 70.0
176 284.0 70.0
177 289.0 70.0
178 294.0 70.0
179 299.0 70.0
180 304.0 70.0
181 309.0 70.0
182 314.0 70.0
183 319.0 70.0
184 322.0 70.0
185 322.0 67.0
186 322.0 64.0
187 322.0 59.0
188 322.0 56.0
189 319.0 56.0
190 316.0 56.0
191 311.0 56.0
192 306.0 56.0
193 301.0 56.0
194 296.0 56.0
195 291.0 56.0
196 286.0 56.0
197 281.0 56.0
198 276.0 56.0
199 271.0 56.0
200 266.0 56.0
201 261.0 56.0
202 256.0 56.0
203 251.0 56.0
204 246.0 56.0
205 241.0 56.0
206 236.0 56.0
207 231.0 56.0
208 226.0 56.0
209 221.0 56.0
210 216.0 56.0
211 211.0 56.0
212 206.0 56.0
213 201.0 56.0
214 196.0 56.0
215 191.0 56.0
216 186.0 56.0
217 181.0 56.0
218 176.0 56.0
219 171.0 56.0
220 166.0 56.0
221 161.0 56.0
222 156.0 56.0
223 151.0 56.0
224 146.0 56.0
225 141.0 56.0
226 136.0 56.0
227 131.0 56.0
228 126.0 56.0
229 121.0 56.0
230 116.0 56.0
231 111.0 56.0
232 106.0 56.0
233 101.0 56.0
234 96.0 56.0
235 91.0 56.0
236 86.0 56.0
237 81.0 56.0
238 76.0 56.0
239 71.0 56.0
