0 56.0 112.0
1 51.0 112.0
2 46.0 112.0
3 42.0 111.0
4 42.0 108.0
5 42.0 103.0
6 42.0 98.0
7 45.0 98.0
8 48.0 98.0
9 53.0 98.0
10 58.0 98.0
11 63.0 98.0
12 68.0 98.0
13 73.0 98.0
14 78.0 98.0
15 83.0 98.0
16 88.0 98.0
17 93.0 98.0
18 98.0 98.0
19 103.0 98.0
20 108.0 98.0
21 113.0 98.0
22 118.0 98.0
23 123.0 98.0
24 128.0 98.0
25 133.0 98.0
26 138.0 98.0
27 143.0 98.0
28 148.0 98.0
29 153.0 98.0
30 158.0 98.0
31 163.0 98.0
32 168.0 98.0
33 173.0 98.0
34 178.0 98.0
35 183.0 98.0
36 188.0 98.0
37 193.0 98.0
38 198.0 98.0
39 203.0 98.0
40 208.0 98.0
41 213.0 98.0
42 218.0 98.0
43 223.0 98.0
44 228.0 98.0
45 233.0 98.0
46 238.0 98.0
47 243.0 98.0
48 248.0 98.0
49 253.0 98.0
50 258.0 98.0
51 263.0 98.0
52 268.0 98.0
53 273.0 98.0
54 278.0 98.0
55 283.0 98.0
56 288.0 98.0
57 293.0 98.0
58 298.0 98.0
59 303.0 98.0
60 308.0 98.0
61 313.0 98.0
62 318.0 98.0
63 323.0 98.0
64 328.0 98.0
65 333.0 98.0
66 338.0 98.0
67 343.0 98.0
68 348.0 98.0
69 350.0 97.0
70 350.0 94.0
71 350.0 89.0
72 350.0 84.0
73 350.0 79.0
74 350.0 74.0
75 351.0 70.0
76 354.0 70.0
77 359.0 70.0
78 364.0 70.0
79 369.0 70.0
80 374.0 70.0
81 378.0 69.0
82 378.0 66.0
83 378.0 61.0
84 378.0 56.0
85 375.0 56.0
86 372.0 56.0
87 367.0 56.0
88 362.0 56.0
89 357.0 56.0
90 352.0 56.0
91 347.0 56.0
92 342.0 56.0
93 337.0 56.0
94 336.0 58.0
95 336.0 61.0
96 336.0 66.0
97 336.0 71.0
98 336.0 76.0
99 336.0 81.0
100 336.0 84.0
101 333.0 84.0
102 330.0 84.0
103 325.0 84.0
104 320.0 84.0
105 315.0 84.0
106 310.0 84.0
107 305.0 84.0
108 300.0 84.0
109 295.0 84.0
110 290.0 84.0
111 285.0 84.0
112 280.0 84.0
113 275.0 84.0
114 270.0 84.0
115 265.0 84.0
116 260.0 84.0
117 255.0 84.0
118 250.0 84.0
119 245.0 84.0
120 240.0 84.0
121 235.0 84.0
122 230.0 84.0
123 225.0 84.0
124 220.0 84.0
125 215.0 84.0
126 210.0 84.0
127 205.0 84.0
128 200.0 84.0
129 195.0 84.0
130 190.0 84.0
131 185.0 84.0
132 180.0 84.0
133 175.0 84.0
134 170.0 84.0
135 165.0 84.0
136 160.0 84.0
137 155.0 84.0
138 150.0 84.0
139 145.0 84.0
140 140.0 84.0
141 135.0 84.0
142 130.0 84.0
143 125.0 84.0
144 120.0 84.0
145 115.0 84.0
146 110.0 84.0
147 105.0 84.0
148 100.0 84.0
149 95.0 84.0
150 90.0 84.0
151 85.0 84.0
152 80.0 84.0
153 75.0 84.0
154 70.0 84.0
155 65.0 84.0
156 60.0 84.0
157 55.0 84.0
158 50.0 84.0
159 45.0 84.0
160 40.0 84.0
161 35.0 84.0
162 30.0 84.0
163 28.0 85.0
164 28.0 88.0
165 28.0 93.0
166 28.0 98.0
167 28.0 103.0
168 28.0 108.0
169 28.0 113.0
170 28.0 118.0
171 28.0 123.0
172 28.0 126.0
173 31.0 126.0
174 34.0 126.0
175 39.0 126.0
176 44.0 126.0
177 49.0 126.0
178 54.0 126.0
179 59.0 126.0
180 64.0 126.0
181 69.0 126.0
182 74.0 126.0
183 79.0 126.0
184 84.0 126.0
185 89.0 126.0
186 94.0 126.0
187 99.0 126.0
188 104.0 126.0
189 109.0 126.0
190 114.0 126.0
191 119.0 126.0
192 124.0 126.0
193 129.0 126.0
194 134.0 126.0
195 139.0 126.0
196 144.0 126.0
197 149.0 126.0
198 154.0 126.0
199 159.0 126.0
200 164.0 126.0
201 169.0 126.0
202 174.0 126.0
203 179.0 126.0
204 184.0 126.0
205 189.0 126.0
206 194.0 126.0
207 199.0 126.0
208 204.0 126.0
209 209.0 126.0
210 214.0 126.0
211 219.0 126.0
212 224.0 126.0
213 229.0 126.0
214 234.0 126.0
215 238.0 125.0
216 238.0 122.0
217 238.0 117.0
218 238.0 112.0
219 235.0 112.0
220 232.0 112.0
221 227.0 112.0
222 222.0 112.0
223 217.0 112.0
224 212.0 112.0
225 207.0 112.0
226 202.0 112.0
227 197.0 112.0
228 192.0 112.0
229 187.0 112.0
230 182.0 112.0
231 177.0 112.0
232 172.0 112.0
233 167.0 112.0
234 162.0 112.0
235 157.0 112.0
236 152.0 112.0
237 147.0 112.0
238 142.0 112.0
239 137.0 112.0
240 132.0 112.0
241 127.0 112.0
242 122.0 112.0
243 117.0 112.0
244 112.0 112.0
245 107.0 112.0
246 102.0 112.0
247 97.0 112.0
248 92.0 112.0
249 87.0 112.0
250 82.0 112.0
251 77.0 112.0
252 72.0 112.0
