0 294.0 84.0
1 289.0 84.0
2 284.0 84.0
3 279.0 84.0
4 274.0 84.0
5 269.0 84.0
6 264.0 84.0
7 259.0 84.0
8 254.0 84.0
9 249.0 84.0
10 244.0 84.0
11 239.0 84.0
12 234.0 84.0
13 229.0 84.0
14 224.0 84.0
15 219.0 84.0
16 214.0 84.0
17 209.0 84.0
18 204.0 84.0
19 199.0 84.0
20 194.0 84.0
21 189.0 84.0
22 184.0 84.0
23 179.0 84.0
24 174.0 84.0
25 169.0 84.0
26 164.0 84.0
27 159.0 84.0
28 154.0 84.0
29 149.0 84.0
30 144.0 84.0
31 139.0 84.0
32 134.0 84.0
33 129.0 84.0
34 124.0 84.0
35 119.0 84.0
36 114.0 84.0
37 109.0 84.0
38 104.0 84.0
39 99.0 84.0
40 94.0 84.0
41 89.0 84.0
42 84.0 84.0
43 79.0 84.0
44 74.0 84.0
45 69.0 84.0
46 64.0 84.0
47 59.0 84.0
48 54.0 84.0
49 49.0 84.0
50 44.0 84.0
51 39.0 84.0
52 34.0 84.0
53 29.0 84.0
54 28.0 86.0
55 28.0 89.0
56 28.0 94.0
57 28.0 99.0
58 28.0 104.0
59 28.0 109.0
60 28.0 114.0
61 28.0 119.0
62 28.0 124.0
63 29.0 126.0
64 32.0 126.0
65 37.0 126.0
66 42.0 126.0
67 47.0 126.0
68 52.0 126.0
69 57.0 126.0
70 62.0 126.0
71 67.0 126.0
72 72.0 126.0
73 77.0 126.0
74 82.0 126.0
75 87.0 126.0
76 92.0 126.0
77 97.0 126.0
78 102.0 126.0
79 107.0 126.0
80 112.0 126.0
81 117.0 126.0
82 122.0 126.0
83 127.0 126.0
84 132.0 126.0
85 137.0 126.0
86 142.0 126.0
87 147.0 126.0
88 152.0 126.0
89 157.0 126.0
90 162.0 126.0
91 167.0 126.0
92 172.0 126.0
93 177.0 126.0
94 182.0 126.0
95 187.0 126.0
96 192.0 126.0
97 197.0 126.0
98 202.0 126.0
99 207.0 126.0
100 212.0 126.0
101 217.0 126.0
102 222.0 126.0
103 227.0 126.0
104 232.0 126.0
105 237.0 126.0
106 238.0 124.0
107 238.0 121.0
108 238.0 116.0
109 237.0 112.0
110 234.0 112.0
111 229.0 112.0
112 224.0 112.0
113 219.0 112.0
114 214.0 112.0
115 209.0 112.0
116 204.0 112.0
117 199.0 112.0
118 194.0 112.0
119 189.0 112.0
120 184.0 112.0
121 179.0 112.0
122 174.0 112.0
123 169.0 112.0
124 164.0 112.0
125 159.0 112.0
126 154.0 112.0
127 149.0 112.0
128 144.0 112.0
129 139.0 112.0
130 134.0 112.0
131 129.0 112.0
132 124.0 112.0
133 119.0 112.0
134 114.0 112.0
135 109.0 112.0
136 104.0 112.0
137 99.0 112.0
138 94.0 112.0
139 89.0 112.0
140 84.0 112.0
141 79.0 112.0
142 74.0 112.0
143 69.0 112.0
144 64.0 112.0
145 59.0 112.0
146 54.0 112.0
147 49.0 112.0
148 44.0 112.0
149 42.0 111.0
150 42.0 108.0
151 42.0 103.0
152 42.0 98.0
153 45.0 98.0
154 48.0 98.0
155 53.0 98.0
156 58.0 98.0
157 63.0 98.0
158 68.0 98.0
159 73.0 98.0
160 78.0 98.0
161 83.0 98.0
162 88.0 98.0
163 93.0 98.0
164 98.0 98.0
165 103.0 98.0
166 108.0 98.0
167 113.0 98.0
168 118.0 98.0
169 123.0 98.0
170 128.0 98.0
171 133.0 98.0
172 138.0 98.0
173 143.0 98.0
174 148.0 98.0
175 153.0 98.0
176 158.0 98.0
177 163.0 98.0
178 168.0 98.0
179 173.0 98.0
180 178.0 98.0
181 183.0 98.0
182 188.0 98.0
183 193.0 98.0
184 198.0 98.0
185 203.0 98.0
186 208.0 98.0
187 213.0 98.0
188 218.0 98.0
189 223.0 98.0
190 228.0 98.0
191 233.0 98.0
192 238.0 98.0
193 243.0 98.0
194 248.0 98.0
195 253.0 98.0
196 258.0 98.0
197 263.0 98.0
198 268.0 98.0
199 273.0 98.0
200 278.0 98.0
201 283.0 98.0
202 288.0 98.0
203 293.0 98.0
204 298.0 98.0
205 303.0 98.0
206 308.0 98.0
207 313.0 98.0
208 318.0 98.0
209 323.0 98.0
210 328.0 98.0
211 333.0 98.0
212 338.0 98.0
213 343.0 98.0
214 348.0 98.0
215 350.0 97.0
216 350.0 94.0
217 350.0 89.0
218 350.0 84.0
219 350.0 79.0
220 350.0 74.0
221 351.0 70.0
222 354.0 70.0
223 359.0 70.0
224 364.0 70.0
225 369.0 70.0
226 374.0 70.0
227 378.0 69.0
228 378.0 66.0
229 378.0 61.0
230 378.0 56.0
231 375.0 56.0
232 372.0 56.0
233 367.0 56.0
234 362.0 56.0
235 357.0 56.0
236 352.0 56.0
237 347.0 56.0
238 342.0 56.0
239 337.0 56.0
240 336.0 58.0
241 336.0 61.0
242 336.0 66.0
243 336.0 71.0
244 336.0 76.0
245 336.0 81.0
246 336.0 84.0
247 333.0 84.0
248 330.0 84.0
249 325.0 84.0
250 320.0 84.0
251 315.0 84.0
252 310.0 84.0
