0 252.0 70.0
1 247.0 70.0
2 242.0 70.0
3 237.0 70.0
4 232.0 70.0
5 227.0 70.0
6 222.0 70.0
7 217.0 70.0
8 212.0 70.0
9 207.0 70.0
10 202.0 70.0
11 197.0 70.0
12 192.0 70.0
13 187.0 70.0
14 182.0 70.0
15 177.0 70.0
16 172.0 70.0
17 167.0 70.0
18 162.0 70.0
19 157.0 70.0
20 152.0 70.0
21 147.0 70.0
22 142.0 70.0
23 137.0 70.0
24 132.0 70.0
25 127.0 70.0
26 122.0 70.0
27 117.0 70.0
28 112.0 70.0
29 107.0 70.0
30 102.0 70.0
31 97.0 70.0
32 92.0 70.0
33 87.0 70.0
34 82.0 70.0
35 77.0 70.0
36 72.0 70.0
37 67.0 70.0
38 62.0 70.0
39 57.0 70.0
40 52.0 70.0
41 47.0 70.0
42 42.0 70.0
43 37.0 70.0
44 32.0 70.0
45 28.0 69.0
46 28.0 66.0
47 28.0 61.0
48 28.0 56.0
49 28.0 51.0
50 28.0 46.0
51 28.0 41.0
52 28.0 36.0
53 28.0 31.0
54 28.0 28.0
55 31.0 28.0
56 34.0 28.0
57 39.0 28.0
58 44.0 28.0
59 49.0 28.0
60 54.0 28.0
61 59.0 28.0
62 64.0 28.0
63 69.0 28.0
64 74.0 28.0
65 79.0 28.0
66 84.0 28.0
67 89.0 28.0
68 94.0 28.0
69 99.0 28.0
70 104.0 28.0
71 109.0 28.0
72 114.0 28.0
73 119.0 28.0
74 124.0 28.0
75 129.0 28.0
76 134.0 28.0
77 139.0 28.0
78 144.0 28.0
79 149.0 28.0
80 154.0 28.0
81 159.0 28.0
82 164.0 28.0
83 169.0 28.0
84 174.0 28.0
85 179.0 28.0
86 184.0 28.0
87 189.0 28.0
88 194.0 28.0
89 199.0 28.0
90 204.0 28.0
91 209.0 28.0
92 214.0 28.0
93 219.0 28.0
94 224.0 28.0
95 229.0 28.0
96 234.0 28.0
97 239.0 28.0
98 244.0 28.0
99 249.0 28.0
100 254.0 28.0
101 259.0 28.0
102 264.0 28.0
103 269.0 28.0
104 274.0 28.0
105 279.0 28.0
106 284.0 28.0
107 289.0 28.0
108 294.0 28.0
109 294.0 31.0
110 294.0 34.0
111 294.0 39.0
112 294.0 42.0
113 291.0 42.0
114 288.0 42.0
115 283.0 42.0
116 278.0 42.0
117 273.0 42.0
118 268.0 42.0
119 263.0 42.0
120 258.0 42.0
121 253.0 42.0
122 248.0 42.0
123 243.0 42.0
124 238.0 42.0
125 233.0 42.0
126 228.0 42.0
127 223.0 42.0
128 218.0 42.0
129 213.0 42.0
130 208.0 42.0
131 203.0 42.0
132 198.0 42.0
133 193.0 42.0
134 188.0 42.0
135 183.0 42.0
136 178.0 42.0
137 173.0 42.0
138 168.0 42.0
139 163.0 42.0
140 158.0 42.0
141 153.0 42.0
142 148.0 42.0
143 143.0 42.0
144 138.0 42.0
145 133.0 42.0
146 128.0 42.0
147 123.0 42.0
148 118.0 42.0
149 113.0 42.0
150 108.0 42.0
151 103.0 42.0
152 98.0 42.0
153 93.0 42.0
154 88.0 42.0
155 83.0 42.0
156 78.0 42.0
157 73.0 42.0
158 68.0 42.0
159 63.0 42.0
160 58.0 42.0
161 53.0 42.0
162 48.0 42.0
163 43.0 42.0
164 42.0 44.0
165 42.0 47.0
166 42.0 52.0
167 43.0 56.0
168 46.0 56.0
169 51.0 56.0
170 56.0 56.0
171 61.0 56.0
172 66.0 56.0
173 71.0 56.0
174 76.0 56.0
175 81.0 56.0
176 86.0 56.0
177 91.0 56.0
178 96.0 56.0
179 101.0 56.0
180 106.0 56.0
181 111.0 56.0
182 116.0 56.0
183 121.0 56.0
184 126.0 56.0
185 131.0 56.0
186 136.0 56.0
187 141.0 56.0
188 146.0 56.0
189 151.0 56.0
190 156.0 56.0
191 161.0 56.0
192 166.0 56.0
193 171.0 56.0
194 176.0 56.0
195 181.0 56.0
196 186.0 56.0
197 191.0 56.0
198 196.0 56.0
199 201.0 56.0
200 206.0 56.0
201 211.0 56.0
202 216.0 56.0
203 221.0 56.0
204 226.0 56.0
205 231.0 56.0
206 236.0 56.0
207 241.0 56.0
208 246.0 56.0
209 251.0 56.0
210 256.0 56.0
211 261.0 56.0
212 266.0 56.0
213 271.0 56.0
214 276.0 56.0
215 281.0 56.0
216 286.0 56.0
217 291.0 56.0
218 296.0 56.0
219 301.0 56.0
220 306.0 56.0
221 311.0 56.0
222 316.0 56.0
223 321.0 56.0
224 322.0 58.0
225 322.0 61.0
226 322.0 66.0
227 321.0 70.0
228 318.0 70.0
229 313.0 70.0
230 308.0 70.0
231 303.0 70.0
232 298.0 70.0
233 293.0 70.0
234 288.0 70.0
235 283.0 70.0
236 278.0 70.0
237 273.0 70.0
238 268.0 70.0
