0 480.00 225.00
1 475.00 225.00
2 470.00 225.00
3 465.00 225.00
4 460.00 225.00
5 455.00 225.00
6 450.00 225.00
7 445.00 225.00
8 440.00 225.00
9 435.00 225.00
10 430.00 225.00
11 425.00 225.00
12 420.00 225.00
13 415.00 225.00
14 410.00 225.00
15 405.00 225.00
16 400.00 225.00
17 395.00 225.00
18 390.00 225.00
19 385.00 225.00
20 380.00 225.00
21 375.00 225.00
22 370.00 225.00
23 365.00 225.00
24 360.00 225.00
25 355.00 225.00
26 350.00 225.00
27 345.00 225.00
28 340.00 225.00
29 335.00 225.00
30 330.00 225.00
31 325.00 225.00
32 320.00 225.00
33 315.00 225.00
34 312.00 225.00
35 309.00 225.00
36 306.00 225.00
37 303.00 225.00
38 300.00 225.00
39 300.00 222.00
40 300.00 219.00
41 300.00 216.00
42 300.00 213.00
43 300.00 210.00
44 303.00 210.00
45 306.00 210.00
46 309.00 210.00
47 312.00 210.00
48 315.00 210.00
49 320.00 210.00
50 325.00 210.00
51 330.00 210.00
52 335.00 210.00
53 340.00 210.00
54 345.00 210.00
55 350.00 210.00
56 355.00 210.00
57 360.00 210.00
58 365.00 210.00
59 370.00 210.00
60 375.00 210.00
61 380.00 210.00
62 385.00 210.00
63 390.00 210.00
64 395.00 210.00
65 400.00 210.00
66 405.00 210.00
67 410.00 210.00
68 415.00 210.00
69 420.00 210.00
70 425.00 210.00
71 430.00 210.00
72 435.00 210.00
73 440.00 210.00
74 445.00 210.00
75 450.00 210.00
76 455.00 210.00
77 460.00 210.00
78 465.00 210.00
79 468.00 210.00
80 471.00 210.00
81 474.00 210.00
82 477.00 210.00
83 480.00 210.00
84 480.00 207.00
85 480.00 204.00
86 480.00 201.00
87 480.00 198.00
88 480.00 195.00
89 477.00 195.00
90 474.00 195.00
91 471.00 195.00
92 468.00 195.00
93 465.00 195.00
94 460.00 195.00
95 455.00 195.00
96 450.00 195.00
97 445.00 195.00
98 440.00 195.00
99 435.00 195.00
100 430.00 195.00
101 425.00 195.00
102 420.00 195.00
103 415.00 195.00
104 410.00 195.00
105 405.00 195.00
106 400.00 195.00
107 395.00 195.00
108 390.00 195.00
109 385.00 195.00
110 380.00 195.00
111 375.00 195.00
112 372.00 195.00
113 369.00 195.00
114 366.00 195.00
115 363.00 195.00
116 360.00 195.00
117 360.00 192.00
118 360.00 189.00
119 360.00 186.00
120 360.00 183.00
121 360.00 180.00
122 363.00 180.00
123 366.00 180.00
124 369.00 180.00
125 372.00 180.00
126 375.00 180.00
127 378.00 180.00
128 381.00 180.00
129 384.00 180.00
130 387.00 180.00
131 390.00 180.00
132 390.00 177.00
133 390.00 174.00
134 390.00 171.00
135 390.00 168.00
136 390.00 165.00
137 390.00 162.00
138 390.00 159.00
139 390.00 156.00
140 390.00 153.00
141 390.00 150.00
142 393.00 150.00
143 396.00 150.00
144 399.00 150.00
145 402.00 150.00
146 405.00 150.00
147 405.00 153.00
148 405.00 156.00
149 405.00 159.00
150 405.00 162.00
151 405.00 165.00
152 405.00 168.00
153 405.00 171.00
154 405.00 174.00
155 405.00 177.00
156 405.00 180.00
157 408.00 180.00
158 411.00 180.00
159 414.00 180.00
160 417.00 180.00
161 420.00 180.00
162 425.00 180.00
163 430.00 180.00
164 435.00 180.00
165 440.00 180.00
166 445.00 180.00
167 450.00 180.00
168 455.00 180.00
169 460.00 180.00
170 465.00 180.00
171 470.00 180.00
172 475.00 180.00
173 480.00 180.00
174 483.00 180.00
175 486.00 180.00
176 489.00 180.00
177 492.00 180.00
178 495.00 180.00
179 495.00 183.00
180 495.00 186.00
181 495.00 189.00
182 495.00 192.00
183 495.00 195.00
184 495.00 200.00
185 495.00 205.00
186 495.00 210.00
187 495.00 215.00
188 495.00 220.00
189 495.00 225.00
190 495.00 230.00
191 495.00 235.00
192 495.00 240.00
193 495.00 243.00
194 495.00 246.00
195 495.00 249.00
196 495.00 252.00
197 495.00 255.00
198 492.00 255.00
199 489.00 255.00
200 486.00 255.00
201 483.00 255.00
202 480.00 255.00
203 475.00 255.00
204 470.00 255.00
205 465.00 255.00
206 460.00 255.00
207 455.00 255.00
208 450.00 255.00
209 445.00 255.00
210 440.00 255.00
211 435.00 255.00
212 430.00 255.00
213 425.00 255.00
214 420.00 255.00
215 415.00 255.00
216 410.00 255.00
217 405.00 255.00
218 400.00 255.00
219 395.00 255.00
220 390.00 255.00
221 385.00 255.00
222 380.00 255.00
223 375.00 255.00
224 370.00 255.00
225 365.00 255.00
226 360.00 255.00
227 355.00 255.00
228 350.00 255.00
229 345.00 255.00
230 340.00 255.00
231 335.00 255.00
232 330.00 255.00
233 325.00 255.00
234 320.00 255.00
235 315.00 255.00
236 310.00 255.00
237 305.00 255.00
238 300.00 255.00
239 295.00 255.00
240 290.00 255.00
241 285.00 255.00
242 280.00 255.00
243 275.00 255.00
244 270.00 255.00
245 265.00 255.00
246 260.00 255.00
247 255.00 255.00
248 250.00 255.00
249 245.00 255.00
250 240.00 255.00
251 235.00 255.00
252 230.00 255.00
253 225.00 255.00
254 220.00 255.00
255 215.00 255.00
256 210.00 255.00
257 205.00 255.00
258 200.00 255.00
259 195.00 255.00
260 190.00 255.00
261 185.00 255.00
262 180.00 255.00
263 175.00 255.00
264 170.00 255.00
265 165.00 255.00
266 162.00 255.00
267 159.00 255.00
268 156.00 255.00
269 153.00 255.00
270 150.00 255.00
271 150.00 252.00
272 150.00 249.00
273 150.00 246.00
274 150.00 243.00
275 150.00 240.00
276 153.00 240.00
277 156.00 240.00
278 159.00 240.00
279 162.00 240.00
280 165.00 240.00
281 170.00 240.00
282 175.00 240.00
283 180.00 240.00
284 185.00 240.00
285 190.00 240.00
286 195.00 240.00
287 200.00 240.00
288 205.00 240.00
289 210.00 240.00
290 215.00 240.00
291 220.00 240.00
292 225.00 240.00
293 228.00 240.00
294 231.00 240.00
295 234.00 240.00
296 237.00 240.00
297 240.00 240.00
298 240.00 237.00
299 240.00 234.00
300 240.00 231.00
301 240.00 228.00
302 240.00 225.00
303 237.00 225.00
304 234.00 225.00
305 231.00 225.00
306 228.00 225.00
307 225.00 225.00
308 220.00 225.00
309 215.00 225.00
310 210.00 225.00
311 205.00 225.00
312 200.00 225.00
313 195.00 225.00
314 192.00 225.00
315 189.00 225.00
316 186.00 225.00
317 183.00 225.00
318 180.00 225.00
319 180.00 222.00
320 180.00 219.00
321 180.00 216.00
322 180.00 213.00
323 180.00 210.00
324 180.00 205.00
325 180.00 200.00
326 180.00 195.00
327 180.00 192.00
328 180.00 189.00
329 180.00 186.00
330 180.00 183.00
331 180.00 180.00
332 183.00 180.00
333 186.00 180.00
334 189.00 180.00
335 192.00 180.00
336 195.00 180.00
337 195.00 183.00
338 195.00 186.00
339 195.00 189.00
340 195.00 192.00
341 195.00 195.00
342 195.00 198.00
343 195.00 201.00
344 195.00 204.00
345 195.00 207.00
346 195.00 210.00
347 198.00 210.00
348 201.00 210.00
349 204.00 210.00
350 207.00 210.00
351 210.00 210.00
352 215.00 210.00
353 220.00 210.00
354 225.00 210.00
355 230.00 210.00
356 235.00 210.00
357 240.00 210.00
358 243.00 210.00
359 246.00 210.00
360 249.00 210.00
361 252.00 210.00
362 255.00 210.00
363 255.00 213.00
364 255.00 216.00
365 255.00 219.00
366 255.00 222.00
367 255.00 225.00
368 255.00 228.00
369 255.00 231.00
370 255.00 234.00
371 255.00 237.00
372 255.00 240.00
373 258.00 240.00
374 261.00 240.00
375 264.00 240.00
376 267.00 240.00
377 270.00 240.00
378 275.00 240.00
379 280.00 240.00
380 285.00 240.00
381 290.00 240.00
382 295.00 240.00
383 300.00 240.00
384 305.00 240.00
385 310.00 240.00
386 315.00 240.00
387 320.00 240.00
388 325.00 240.00
389 330.00 240.00
390 335.00 240.00
391 340.00 240.00
392 345.00 240.00
393 350.00 240.00
394 355.00 240.00
395 360.00 240.00
396 365.00 240.00
397 370.00 240.00
398 375.00 240.00
399 380.00 240.00
400 385.00 240.00
401 390.00 240.00
402 395.00 240.00
403 400.00 240.00
404 405.00 240.00
405 410.00 240.00
406 415.00 240.00
407 420.00 240.00
408 425.00 240.00
409 430.00 240.00
410 435.00 240.00
411 440.00 240.00
412 445.00 240.00
413 450.00 240.00
414 455.00 240.00
415 460.00 240.00
416 465.00 240.00
417 470.00 240.00
418 475.00 240.00
419 480.00 240.00
