0 0.00 195.00
1 0.00 192.00
2 0.00 189.00
3 0.00 186.00
4 0.00 183.00
5 0.00 180.00
6 3.00 180.00
7 6.00 180.00
8 9.00 180.00
9 12.00 180.00
10 15.00 180.00
11 20.00 180.00
12 25.00 180.00
13 30.00 180.00
14 35.00 180.00
15 40.00 180.00
16 45.00 180.00
17 50.00 180.00
18 55.00 180.00
19 60.00 180.00
20 65.00 180.00
21 70.00 180.00
22 75.00 180.00
23 80.00 180.00
24 85.00 180.00
25 90.00 180.00
26 95.00 180.00
27 100.00 180.00
28 105.00 180.00
29 110.00 180.00
30 115.00 180.00
31 120.00 180.00
32 125.00 180.00
33 130.00 180.00
34 135.00 180.00
35 138.00 180.00
36 141.00 180.00
37 144.00 180.00
38 147.00 180.00
39 150.00 180.00
40 150.00 177.00
41 150.00 174.00
42 150.00 171.00
43 150.00 168.00
44 150.00 165.00
45 147.00 165.00
46 144.00 165.00
47 141.00 165.00
48 138.00 165.00
49 135.00 165.00
50 130.00 165.00
51 125.00 165.00
52 120.00 165.00
53 115.00 165.00
54 110.00 165.00
55 105.00 165.00
56 100.00 165.00
57 95.00 165.00
58 90.00 165.00
59 85.00 165.00
60 80.00 165.00
61 75.00 165.00
62 70.00 165.00
63 65.00 165.00
64 60.00 165.00
65 55.00 165.00
66 50.00 165.00
67 45.00 165.00
68 40.00 165.00
69 35.00 165.00
70 30.00 165.00
71 25.00 165.00
72 20.00 165.00
73 15.00 165.00
74 12.00 165.00
75 9.00 165.00
76 6.00 165.00
77 3.00 165.00
78 0.00 165.00
79 0.00 162.00
80 0.00 159.00
81 0.00 156.00
82 0.00 153.00
83 0.00 150.00
84 3.00 150.00
85 6.00 150.00
86 9.00 150.00
87 12.00 150.00
88 15.00 150.00
89 20.00 150.00
90 25.00 150.00
91 30.00 150.00
92 35.00 150.00
93 40.00 150.00
94 45.00 150.00
95 50.00 150.00
96 55.00 150.00
97 60.00 150.00
98 65.00 150.00
99 70.00 150.00
100 75.00 150.00
101 80.00 150.00
102 85.00 150.00
103 90.00 150.00
104 95.00 150.00
105 100.00 150.00
106 105.00 150.00
107 110.00 150.00
108 115.00 150.00
109 120.00 150.00
110 125.00 150.00
111 130.00 150.00
112 135.00 150.00
113 138.00 150.00
114 141.00 150.00
115 144.00 150.00
116 147.00 150.00
117 150.00 150.00
118 150.00 147.00
119 150.00 144.00
120 150.00 141.00
121 150.00 138.00
122 150.00 135.00
123 147.00 135.00
124 144.00 135.00
125 141.00 135.00
126 138.00 135.00
127 135.00 135.00
128 130.00 135.00
129 125.00 135.00
130 120.00 135.00
131 115.00 135.00
132 110.00 135.00
133 105.00 135.00
134 100.00 135.00
135 95.00 135.00
136 90.00 135.00
137 85.00 135.00
138 80.00 135.00
139 75.00 135.00
140 70.00 135.00
141 65.00 135.00
142 60.00 135.00
143 55.00 135.00
144 50.00 135.00
145 45.00 135.00
146 42.00 135.00
147 39.00 135.00
148 36.00 135.00
149 33.00 135.00
150 30.00 135.00
151 30.00 132.00
152 30.00 129.00
153 30.00 126.00
154 30.00 123.00
155 30.00 120.00
156 33.00 120.00
157 36.00 120.00
158 39.00 120.00
159 42.00 120.00
160 45.00 120.00
161 50.00 120.00
162 55.00 120.00
163 60.00 120.00
164 65.00 120.00
165 70.00 120.00
166 75.00 120.00
167 80.00 120.00
168 85.00 120.00
169 90.00 120.00
170 95.00 120.00
171 100.00 120.00
172 105.00 120.00
173 108.00 120.00
174 111.00 120.00
175 114.00 120.00
176 117.00 120.00
177 120.00 120.00
178 120.00 117.00
179 120.00 114.00
180 120.00 111.00
181 120.00 108.00
182 120.00 105.00
183 120.00 102.00
184 120.00 99.00
185 120.00 96.00
186 120.00 93.00
187 120.00 90.00
188 123.00 90.00
189 126.00 90.00
190 129.00 90.00
191 132.00 90.00
192 135.00 90.00
193 135.00 93.00
194 135.00 96.00
195 135.00 99.00
196 135.00 102.00
197 135.00 105.00
198 135.00 108.00
199 135.00 111.00
200 135.00 114.00
201 135.00 117.00
202 135.00 120.00
203 138.00 120.00
204 141.00 120.00
205 144.00 120.00
206 147.00 120.00
207 150.00 120.00
208 153.00 120.00
209 156.00 120.00
210 159.00 120.00
211 162.00 120.00
212 165.00 120.00
213 165.00 123.00
214 165.00 126.00
215 165.00 129.00
216 165.00 132.00
217 165.00 135.00
218 165.00 140.00
219 165.00 145.00
220 165.00 150.00
221 165.00 155.00
222 165.00 160.00
223 165.00 165.00
224 165.00 170.00
225 165.00 175.00
226 165.00 180.00
227 165.00 185.00
228 165.00 190.00
229 165.00 195.00
230 165.00 200.00
231 165.00 205.00
232 165.00 210.00
233 165.00 213.00
234 165.00 216.00
235 165.00 219.00
236 165.00 222.00
237 165.00 225.00
238 162.00 225.00
239 159.00 225.00
240 156.00 225.00
241 153.00 225.00
242 150.00 225.00
243 147.00 225.00
244 144.00 225.00
245 141.00 225.00
246 138.00 225.00
247 135.00 225.00
248 135.00 228.00
249 135.00 231.00
250 135.00 234.00
251 135.00 237.00
252 135.00 240.00
253 135.00 243.00
254 135.00 246.00
255 135.00 249.00
256 135.00 252.00
257 135.00 255.00
258 132.00 255.00
259 129.00 255.00
260 126.00 255.00
261 123.00 255.00
262 120.00 255.00
263 115.00 255.00
264 110.00 255.00
265 105.00 255.00
266 100.00 255.00
267 95.00 255.00
268 90.00 255.00
269 85.00 255.00
270 80.00 255.00
271 75.00 255.00
272 70.00 255.00
273 65.00 255.00
274 60.00 255.00
275 55.00 255.00
276 50.00 255.00
277 45.00 255.00
278 40.00 255.00
279 35.00 255.00
280 30.00 255.00
281 25.00 255.00
282 20.00 255.00
283 15.00 255.00
284 12.00 255.00
285 9.00 255.00
286 6.00 255.00
287 3.00 255.00
288 0.00 255.00
289 0.00 252.00
290 0.00 249.00
291 0.00 246.00
292 0.00 243.00
293 0.00 240.00
294 3.00 240.00
295 6.00 240.00
296 9.00 240.00
297 12.00 240.00
298 15.00 240.00
299 20.00 240.00
300 25.00 240.00
301 30.00 240.00
302 35.00 240.00
303 40.00 240.00
304 45.00 240.00
305 50.00 240.00
306 55.00 240.00
307 60.00 240.00
308 65.00 240.00
309 70.00 240.00
310 75.00 240.00
311 80.00 240.00
312 85.00 240.00
313 90.00 240.00
314 95.00 240.00
315 100.00 240.00
316 105.00 240.00
317 108.00 240.00
318 111.00 240.00
319 114.00 240.00
320 117.00 240.00
321 120.00 240.00
322 120.00 237.00
323 120.00 234.00
324 120.00 231.00
325 120.00 228.00
326 120.00 225.00
327 117.00 225.00
328 114.00 225.00
329 111.00 225.00
330 108.00 225.00
331 105.00 225.00
332 100.00 225.00
333 95.00 225.00
334 90.00 225.00
335 85.00 225.00
336 80.00 225.00
337 75.00 225.00
338 70.00 225.00
339 65.00 225.00
340 60.00 225.00
341 55.00 225.00
342 50.00 225.00
343 45.00 225.00
344 40.00 225.00
345 35.00 225.00
346 30.00 225.00
347 25.00 225.00
348 20.00 225.00
349 15.00 225.00
350 12.00 225.00
351 9.00 225.00
352 6.00 225.00
353 3.00 225.00
354 0.00 225.00
355 0.00 222.00
356 0.00 219.00
357 0.00 216.00
358 0.00 213.00
359 0.00 210.00
360 3.00 210.00
361 6.00 210.00
362 9.00 210.00
363 12.00 210.00
364 15.00 210.00
365 20.00 210.00
366 25.00 210.00
367 30.00 210.00
368 35.00 210.00
369 40.00 210.00
370 45.00 210.00
371 50.00 210.00
372 55.00 210.00
373 60.00 210.00
374 65.00 210.00
375 70.00 210.00
376 75.00 210.00
377 80.00 210.00
378 85.00 210.00
379 90.00 210.00
380 95.00 210.00
381 100.00 210.00
382 105.00 210.00
383 110.00 210.00
384 115.00 210.00
385 120.00 210.00
386 125.00 210.00
387 130.00 210.00
388 135.00 210.00
389 138.00 210.00
390 141.00 210.00
391 144.00 210.00
392 147.00 210.00
393 150.00 210.00
394 150.00 207.00
395 150.00 204.00
396 150.00 201.00
397 150.00 198.00
398 150.00 195.00
399 147.00 195.00
400 144.00 195.00
401 141.00 195.00
402 138.00 195.00
403 135.00 195.00
404 130.00 195.00
405 125.00 195.00
406 120.00 195.00
407 115.00 195.00
408 110.00 195.00
409 105.00 195.00
410 100.00 195.00
411 95.00 195.00
412 90.00 195.00
413 85.00 195.00
414 80.00 195.00
415 75.00 195.00
416 70.00 195.00
417 65.00 195.00
418 60.00 195.00
419 55.00 195.00
420 50.00 195.00
421 45.00 195.00
422 40.00 195.00
423 35.00 195.00
424 30.00 195.00
425 25.00 195.00
426 20.00 195.00
427 15.00 195.00
