0 56.0 168.0
1 51.0 168.0
2 46.0 168.0
3 42.0 167.0
4 42.0 164.0
5 42.0 159.0
6 42.0 154.0
7 45.0 154.0
8 48.0 154.0
9 53.0 154.0
10 58.0 154.0
11 63.0 154.0
12 68.0 154.0
13 73.0 154.0
14 78.0 154.0
15 83.0 154.0
16 88.0 154.0
17 93.0 154.0
18 98.0 154.0
19 103.0 154.0
20 108.0 154.0
21 113.0 154.0
22 118.0 154.0
23 123.0 154.0
24 128.0 154.0
25 133.0 154.0
26 138.0 154.0
27 143.0 154.0
28 148.0 154.0
29 153.0 154.0
30 158.0 154.0
31 163.0 154.0
32 168.0 154.0
33 173.0 154.0
34 178.0 154.0
35 183.0 154.0
36 188.0 154.0
37 193.0 154.0
38 198.0 154.0
39 203.0 154.0
40 208.0 154.0
41 213.0 154.0
42 218.0 154.0
43 223.0 154.0
44 228.0 154.0
45 233.0 154.0
46 238.0 154.0
47 243.0 154.0
48 248.0 154.0
49 253.0 154.0
50 258.0 154.0
51 263.0 154.0
52 268.0 154.0
53 273.0 154.0
54 278.0 154.0
55 283.0 154.0
56 288.0 154.0
57 293.0 154.0
58 294.0 152.0
59 294.0 149.0
60 294.0 144.0
61 293.0 140.0
62 290.0 140.0
63 285.0 140.0
64 280.0 140.0
65 275.0 140.0
66 270.0 140.0
67 266.0 139.0
68 266.0 136.0
69 266.0 131.0
70 266.0 126.0
71 269.0 126.0
72 272.0 126.0
73 277.0 126.0
74 282.0 126.0
75 287.0 126.0
76 292.0 126.0
77 297.0 126.0
78 302.0 126.0
79 307.0 126.0
80 312.0 126.0
81 317.0 126.0
82 322.0 126.0
83 322.0 123.0
84 322.0 120.0
85 322.0 115.0
86 322.0 112.0
87 319.0 112.0
88 316.0 112.0
89 311.0 112.0
90 306.0 112.0
91 301.0 112.0
92 296.0 112.0
93 291.0 112.0
94 286.0 112.0
95 281.0 112.0
96 276.0 112.0
97 271.0 112.0
98 266.0 112.0
99 261.0 112.0
100 256.0 112.0
101 252.0 113.0
102 252.0 116.0
103 252.0 121.0
104 252.0 126.0
105 252.0 131.0
106 252.0 136.0
107 251.0 140.0
108 248.0 140.0
109 243.0 140.0
110 238.0 140.0
111 233.0 140.0
112 228.0 140.0
113 223.0 140.0
114 218.0 140.0
115 213.0 140.0
116 208.0 140.0
117 203.0 140.0
118 198.0 140.0
119 193.0 140.0
120 188.0 140.0
121 183.0 140.0
122 178.0 140.0
123 173.0 140.0
124 168.0 140.0
125 163.0 140.0
126 158.0 140.0
127 153.0 140.0
128 148.0 140.0
129 143.0 140.0
130 138.0 140.0
131 133.0 140.0
132 128.0 140.0
133 123.0 140.0
134 118.0 140.0
135 113.0 140.0
136 108.0 140.0
137 103.0 140.0
138 98.0 140.0
139 93.0 140.0
140 88.0 140.0
141 83.0 140.0
142 78.0 140.0
143 73.0 140.0
144 68.0 140.0
145 63.0 140.0
146 58.0 140.0
147 53.0 140.0
148 48.0 140.0
149 43.0 140.0
150 38.0 140.0
151 33.0 140.0
152 28.0 140.0
153 28.0 143.0
154 28.0 146.0
155 28.0 151.0
156 28.0 156.0
157 28.0 161.0
158 28.0 166.0
159 28.0 171.0
160 28.0 176.0
161 28.0 181.0
162 30.0 182.0
163 33.0 182.0
164 38.0 182.0
165 43.0 182.0
166 48.0 182.0
167 53.0 182.0
168 58.0 182.0
169 63.0 182.0
170 68.0 182.0
171 73.0 182.0
172 78.0 182.0
173 83.0 182.0
174 88.0 182.0
175 93.0 182.0
176 98.0 182.0
177 103.0 182.0
178 108.0 182.0
179 113.0 182.0
180 118.0 182.0
181 123.0 182.0
182 128.0 182.0
183 133.0 182.0
184 138.0 182.0
185 143.0 182.0
186 148.0 182.0
187 153.0 182.0
188 158.0 182.0
189 163.0 182.0
190 168.0 182.0
191 173.0 182.0
192 178.0 182.0
193 183.0 182.0
194 188.0 182.0
195 193.0 182.0
196 198.0 182.0
197 203.0 182.0
198 208.0 182.0
199 213.0 182.0
200 218.0 182.0
201 223.0 182.0
202 228.0 182.0
203 233.0 182.0
204 238.0 182.0
205 243.0 182.0
206 248.0 182.0
207 253.0 182.0
208 258.0 182.0
209 263.0 182.0
210 266.0 182.0
211 266.0 179.0
212 266.0 176.0
213 266.0 171.0
214 266.0 168.0
215 263.0 168.0
216 260.0 168.0
217 255.0 168.0
218 250.0 168.0
219 245.0 168.0
220 240.0 168.0
221 235.0 168.0
222 230.0 168.0
223 225.0 168.0
224 220.0 168.0
225 215.0 168.0
226 210.0 168.0
227 205.0 168.0
228 200.0 168.0
229 195.0 168.0
230 190.0 168.0
231 185.0 168.0
232 180.0 168.0
233 175.0 168.0
234 170.0 168.0
235 165.0 168.0
236 160.0 168.0
237 155.0 168.0
238 150.0 168.0
239 145.0 168.0
240 140.0 168.0
241 135.0 168.0
242 130.0 168.0
243 125.0 168.0
244 120.0 168.0
245 115.0 168.0
246 110.0 168.0
247 105.0 168.0
248 100.0 168.0
249 95.0 168.0
250 90.0 168.0
251 85.0 168.0
252 80.0 168.0
253 75.0 168.0
254 70.0 168.0
