0 330.00 135.00
1 325.00 135.00
2 320.00 135.00
3 315.00 135.00
4 310.00 135.00
5 305.00 135.00
6 300.00 135.00
7 295.00 135.00
8 290.00 135.00
9 285.00 135.00
10 280.00 135.00
11 275.00 135.00
12 270.00 135.00
13 265.00 135.00
14 260.00 135.00
15 255.00 135.00
16 250.00 135.00
17 245.00 135.00
18 240.00 135.00
19 235.00 135.00
20 230.00 135.00
21 225.00 135.00
22 220.00 135.00
23 215.00 135.00
24 210.00 135.00
25 205.00 135.00
26 200.00 135.00
27 195.00 135.00
28 192.00 135.00
29 189.00 135.00
30 186.00 135.00
31 183.00 135.00
32 180.00 135.00
33 180.00 132.00
34 180.00 129.00
35 180.00 126.00
36 180.00 123.00
37 180.00 120.00
38 183.00 120.00
39 186.00 120.00
40 189.00 120.00
41 192.00 120.00
42 195.00 120.00
43 200.00 120.00
44 205.00 120.00
45 210.00 120.00
46 215.00 120.00
47 220.00 120.00
48 225.00 120.00
49 230.00 120.00
50 235.00 120.00
51 240.00 120.00
52 245.00 120.00
53 250.00 120.00
54 255.00 120.00
55 260.00 120.00
56 265.00 120.00
57 270.00 120.00
58 275.00 120.00
59 280.00 120.00
60 285.00 120.00
61 290.00 120.00
62 295.00 120.00
63 300.00 120.00
64 305.00 120.00
65 310.00 120.00
66 315.00 120.00
67 320.00 120.00
68 325.00 120.00
69 330.00 120.00
70 335.00 120.00
71 340.00 120.00
72 345.00 120.00
73 350.00 120.00
74 355.00 120.00
75 360.00 120.00
76 365.00 120.00
77 370.00 120.00
78 375.00 120.00
79 378.00 120.00
80 381.00 120.00
81 384.00 120.00
82 387.00 120.00
83 390.00 120.00
84 390.00 117.00
85 390.00 114.00
86 390.00 111.00
87 390.00 108.00
88 390.00 105.00
89 387.00 105.00
90 384.00 105.00
91 381.00 105.00
92 378.00 105.00
93 375.00 105.00
94 370.00 105.00
95 365.00 105.00
96 360.00 105.00
97 355.00 105.00
98 350.00 105.00
99 345.00 105.00
100 340.00 105.00
101 335.00 105.00
102 330.00 105.00
103 325.00 105.00
104 320.00 105.00
105 315.00 105.00
106 310.00 105.00
107 305.00 105.00
108 300.00 105.00
109 295.00 105.00
110 290.00 105.00
111 285.00 105.00
112 280.00 105.00
113 275.00 105.00
114 270.00 105.00
115 265.00 105.00
116 260.00 105.00
117 255.00 105.00
118 250.00 105.00
119 245.00 105.00
120 240.00 105.00
121 235.00 105.00
122 230.00 105.00
123 225.00 105.00
124 220.00 105.00
125 215.00 105.00
126 210.00 105.00
127 205.00 105.00
128 200.00 105.00
129 195.00 105.00
130 190.00 105.00
131 185.00 105.00
132 180.00 105.00
133 175.00 105.00
134 170.00 105.00
135 165.00 105.00
136 162.00 105.00
137 159.00 105.00
138 156.00 105.00
139 153.00 105.00
140 150.00 105.00
141 150.00 102.00
142 150.00 99.00
143 150.00 96.00
144 150.00 93.00
145 150.00 90.00
146 153.00 90.00
147 156.00 90.00
148 159.00 90.00
149 162.00 90.00
150 165.00 90.00
151 170.00 90.00
152 175.00 90.00
153 180.00 90.00
154 185.00 90.00
155 190.00 90.00
156 195.00 90.00
157 200.00 90.00
158 205.00 90.00
159 210.00 90.00
160 215.00 90.00
161 220.00 90.00
162 225.00 90.00
163 230.00 90.00
164 235.00 90.00
165 240.00 90.00
166 245.00 90.00
167 250.00 90.00
168 255.00 90.00
169 260.00 90.00
170 265.00 90.00
171 270.00 90.00
172 275.00 90.00
173 280.00 90.00
174 285.00 90.00
175 290.00 90.00
176 295.00 90.00
177 300.00 90.00
178 305.00 90.00
179 310.00 90.00
180 315.00 90.00
181 320.00 90.00
182 325.00 90.00
183 330.00 90.00
184 335.00 90.00
185 340.00 90.00
186 345.00 90.00
187 350.00 90.00
188 355.00 90.00
189 360.00 90.00
190 365.00 90.00
191 370.00 90.00
192 375.00 90.00
193 380.00 90.00
194 385.00 90.00
195 390.00 90.00
196 393.00 90.00
197 396.00 90.00
198 399.00 90.00
199 402.00 90.00
200 405.00 90.00
201 405.00 93.00
202 405.00 96.00
203 405.00 99.00
204 405.00 102.00
205 405.00 105.00
206 405.00 110.00
207 405.00 115.00
208 405.00 120.00
209 405.00 123.00
210 405.00 126.00
211 405.00 129.00
212 405.00 132.00
213 405.00 135.00
214 402.00 135.00
215 399.00 135.00
216 396.00 135.00
217 393.00 135.00
218 390.00 135.00
219 387.00 135.00
220 384.00 135.00
221 381.00 135.00
222 378.00 135.00
223 375.00 135.00
224 375.00 138.00
225 375.00 141.00
226 375.00 144.00
227 375.00 147.00
228 375.00 150.00
229 375.00 153.00
230 375.00 156.00
231 375.00 159.00
232 375.00 162.00
233 375.00 165.00
234 372.00 165.00
235 369.00 165.00
236 366.00 165.00
237 363.00 165.00
238 360.00 165.00
239 357.00 165.00
240 354.00 165.00
241 351.00 165.00
242 348.00 165.00
243 345.00 165.00
244 345.00 168.00
245 345.00 171.00
246 345.00 174.00
247 345.00 177.00
248 345.00 180.00
249 345.00 183.00
250 345.00 186.00
251 345.00 189.00
252 345.00 192.00
253 345.00 195.00
254 342.00 195.00
255 339.00 195.00
256 336.00 195.00
257 333.00 195.00
258 330.00 195.00
259 325.00 195.00
260 320.00 195.00
261 315.00 195.00
262 310.00 195.00
263 305.00 195.00
264 300.00 195.00
265 297.00 195.00
266 294.00 195.00
267 291.00 195.00
268 288.00 195.00
269 285.00 195.00
270 285.00 198.00
271 285.00 201.00
272 285.00 204.00
273 285.00 207.00
274 285.00 210.00
275 285.00 213.00
276 285.00 216.00
277 285.00 219.00
278 285.00 222.00
279 285.00 225.00
280 282.00 225.00
281 279.00 225.00
282 276.00 225.00
283 273.00 225.00
284 270.00 225.00
285 270.00 222.00
286 270.00 219.00
287 270.00 216.00
288 270.00 213.00
289 270.00 210.00
290 270.00 207.00
291 270.00 204.00
292 270.00 201.00
293 270.00 198.00
294 270.00 195.00
295 267.00 195.00
296 264.00 195.00
297 261.00 195.00
298 258.00 195.00
299 255.00 195.00
300 250.00 195.00
301 245.00 195.00
302 240.00 195.00
303 235.00 195.00
304 230.00 195.00
305 225.00 195.00
306 222.00 195.00
307 219.00 195.00
308 216.00 195.00
309 213.00 195.00
310 210.00 195.00
311 210.00 192.00
312 210.00 189.00
313 210.00 186.00
314 210.00 183.00
315 210.00 180.00
316 213.00 180.00
317 216.00 180.00
318 219.00 180.00
319 222.00 180.00
320 225.00 180.00
321 230.00 180.00
322 235.00 180.00
323 240.00 180.00
324 245.00 180.00
325 250.00 180.00
326 255.00 180.00
327 260.00 180.00
328 265.00 180.00
329 270.00 180.00
330 275.00 180.00
331 280.00 180.00
332 285.00 180.00
333 290.00 180.00
334 295.00 180.00
335 300.00 180.00
336 305.00 180.00
337 310.00 180.00
338 315.00 180.00
339 318.00 180.00
340 321.00 180.00
341 324.00 180.00
342 327.00 180.00
343 330.00 180.00
344 330.00 177.00
345 330.00 174.00
346 330.00 171.00
347 330.00 168.00
348 330.00 165.00
349 327.00 165.00
350 324.00 165.00
351 321.00 165.00
352 318.00 165.00
353 315.00 165.00
354 310.00 165.00
355 305.00 165.00
356 300.00 165.00
357 295.00 165.00
358 290.00 165.00
359 285.00 165.00
360 280.00 165.00
361 275.00 165.00
362 270.00 165.00
363 265.00 165.00
364 260.00 165.00
365 255.00 165.00
366 250.00 165.00
367 245.00 165.00
368 240.00 165.00
369 235.00 165.00
370 230.00 165.00
371 225.00 165.00
372 220.00 165.00
373 215.00 165.00
374 210.00 165.00
375 205.00 165.00
376 200.00 165.00
377 195.00 165.00
378 192.00 165.00
379 189.00 165.00
380 186.00 165.00
381 183.00 165.00
382 180.00 165.00
383 180.00 162.00
384 180.00 159.00
385 180.00 156.00
386 180.00 153.00
387 180.00 150.00
388 183.00 150.00
389 186.00 150.00
390 189.00 150.00
391 192.00 150.00
392 195.00 150.00
393 200.00 150.00
394 205.00 150.00
395 210.00 150.00
396 215.00 150.00
397 220.00 150.00
398 225.00 150.00
399 230.00 150.00
400 235.00 150.00
401 240.00 150.00
402 245.00 150.00
403 250.00 150.00
404 255.00 150.00
405 260.00 150.00
406 265.00 150.00
407 270.00 150.00
408 275.00 150.00
409 280.00 150.00
410 285.00 150.00
411 290.00 150.00
412 295.00 150.00
413 300.00 150.00
414 305.00 150.00
415 310.00 150.00
416 315.00 150.00
417 320.00 150.00
418 325.00 150.00
419 330.00 150.00
420 335.00 150.00
421 340.00 150.00
422 345.00 150.00
423 348.00 150.00
424 351.00 150.00
425 354.00 150.00
426 357.00 150.00
427 360.00 150.00
428 360.00 147.00
429 360.00 144.00
430 360.00 141.00
431 360.00 138.00
432 360.00 135.00
433 357.00 135.00
434 354.00 135.00
435 351.00 135.00
436 348.00 135.00
437 345.00 135.00
