0 280.0 112.0
1 275.0 112.0
2 270.0 112.0
3 265.0 112.0
4 260.0 112.0
5 255.0 112.0
6 252.0 112.0
7 252.0 115.0
8 252.0 118.0
9 252.0 123.0
10 252.0 128.0
11 252.0 133.0
12 252.0 138.0
13 251.0 140.0
14 248.0 140.0
15 243.0 140.0
16 238.0 140.0
17 233.0 140.0
18 228.0 140.0
19 223.0 140.0
20 218.0 140.0
21 213.0 140.0
22 208.0 140.0
23 203.0 140.0
24 198.0 140.0
25 193.0 140.0
26 188.0 140.0
27 183.0 140.0
28 178.0 140.0
29 173.0 140.0
30 168.0 140.0
31 163.0 140.0
32 158.0 140.0
33 153.0 140.0
34 148.0 140.0
35 143.0 140.0
36 138.0 140.0
37 133.0 140.0
38 128.0 140.0
39 123.0 140.0
40 118.0 140.0
41 113.0 140.0
42 108.0 140.0
43 103.0 140.0
44 98.0 140.0
45 93.0 140.0
46 88.0 140.0
47 83.0 140.0
48 78.0 140.0
49 73.0 140.0
50 68.0 140.0
51 63.0 140.0
52 58.0 140.0
53 53.0 140.0
54 48.0 140.0
55 43.0 140.0
56 38.0 140.0
57 33.0 140.0
58 28.0 140.0
59 28.0 143.0
60 28.0 146.0
61 28.0 151.0
62 28.0 156.0
63 28.0 161.0
64 28.0 166.0
65 28.0 171.0
66 28.0 176.0
67 28.0 181.0
68 30.0 182.0
69 33.0 182.0
70 38.0 182.0
71 43.0 182.0
72 48.0 182.0
73 53.0 182.0
74 58.0 182.0
75 63.0 182.0
76 68.0 182.0
77 73.0 182.0
78 78.0 182.0
79 83.0 182.0
80 88.0 182.0
81 93.0 182.0
82 98.0 182.0
83 103.0 182.0
84 108.0 182.0
85 113.0 182.0
86 118.0 182.0
87 123.0 182.0
88 128.0 182.0
89 133.0 182.0
90 138.0 182.0
91 143.0 182.0
92 148.0 182.0
93 153.0 182.0
94 158.0 182.0
95 163.0 182.0
96 168.0 182.0
97 173.0 182.0
98 178.0 182.0
99 183.0 182.0
100 188.0 182.0
101 193.0 182.0
102 198.0 182.0
103 203.0 182.0
104 208.0 182.0
105 213.0 182.0
106 218.0 182.0
107 223.0 182.0
108 228.0 182.0
109 233.0 182.0
110 238.0 182.0
111 243.0 182.0
112 248.0 182.0
113 253.0 182.0
114 258.0 182.0
115 263.0 182.0
116 266.0 182.0
117 266.0 179.0
118 266.0 176.0
119 266.0 171.0
120 266.0 168.0
121 263.0 168.0
122 260.0 168.0
123 255.0 168.0
124 250.0 168.0
125 245.0 168.0
126 240.0 168.0
127 235.0 168.0
128 230.0 168.0
129 225.0 168.0
130 220.0 168.0
131 215.0 168.0
132 210.0 168.0
133 205.0 168.0
134 200.0 168.0
135 195.0 168.0
136 190.0 168.0
137 185.0 168.0
138 180.0 168.0
139 175.0 168.0
140 170.0 168.0
141 165.0 168.0
142 160.0 168.0
143 155.0 168.0
144 150.0 168.0
145 145.0 168.0
146 140.0 168.0
147 135.0 168.0
148 130.0 168.0
149 125.0 168.0
150 120.0 168.0
151 115.0 168.0
152 110.0 168.0
153 105.0 168.0
154 100.0 168.0
155 95.0 168.0
156 90.0 168.0
157 85.0 168.0
158 80.0 168.0
159 75.0 168.0
160 70.0 168.0
161 65.0 168.0
162 60.0 168.0
163 55.0 168.0
164 50.0 168.0
165 45.0 168.0
166 42.0 168.0
167 42.0 165.0
168 42.0 162.0
169 42.0 157.0
170 42.0 154.0
171 45.0 154.0
172 48.0 154.0
173 53.0 154.0
174 58.0 154.0
175 63.0 154.0
176 68.0 154.0
177 73.0 154.0
178 78.0 154.0
179 83.0 154.0
180 88.0 154.0
181 93.0 154.0
182 98.0 154.0
183 103.0 154.0
184 108.0 154.0
185 113.0 154.0
186 118.0 154.0
187 123.0 154.0
188 128.0 154.0
189 133.0 154.0
190 138.0 154.0
191 143.0 154.0
192 148.0 154.0
193 153.0 154.0
194 158.0 154.0
195 163.0 154.0
196 168.0 154.0
197 173.0 154.0
198 178.0 154.0
199 183.0 154.0
200 188.0 154.0
201 193.0 154.0
202 198.0 154.0
203 203.0 154.0
204 208.0 154.0
205 213.0 154.0
206 218.0 154.0
207 223.0 154.0
208 228.0 154.0
209 233.0 154.0
210 238.0 154.0
211 243.0 154.0
212 248.0 154.0
213 253.0 154.0
214 258.0 154.0
215 263.0 154.0
216 268.0 154.0
217 273.0 154.0
218 278.0 154.0
219 283.0 154.0
220 288.0 154.0
221 293.0 154.0
222 294.0 152.0
223 294.0 149.0
224 294.0 144.0
225 293.0 140.0
226 290.0 140.0
227 285.0 140.0
228 280.0 140.0
229 275.0 140.0
230 270.0 140.0
231 266.0 139.0
232 266.0 136.0
233 266.0 131.0
234 266.0 126.0
235 269.0 126.0
236 272.0 126.0
237 277.0 126.0
238 282.0 126.0
239 287.0 126.0
240 292.0 126.0
241 297.0 126.0
242 302.0 126.0
243 307.0 126.0
244 312.0 126.0
245 317.0 126.0
246 322.0 126.0
247 322.0 123.0
248 322.0 120.0
249 322.0 115.0
250 322.0 112.0
251 319.0 112.0
252 316.0 112.0
253 311.0 112.0
254 306.0 112.0
255 301.0 112.0
256 296.0 112.0
