0 56.00 168.00
1 53.20 168.00
2 50.40 168.00
3 47.60 168.00
4 44.80 168.00
5 42.00 168.00
6 42.00 165.20
7 42.00 162.40
8 42.00 159.60
9 42.00 156.80
10 42.00 154.00
11 44.80 154.00
12 47.60 154.00
13 50.40 154.00
14 53.20 154.00
15 56.00 154.00
16 60.67 154.00
17 65.33 154.00
18 70.00 154.00
19 74.67 154.00
20 79.33 154.00
21 84.00 154.00
22 88.67 154.00
23 93.33 154.00
24 98.00 154.00
25 102.67 154.00
26 107.33 154.00
27 112.00 154.00
28 116.67 154.00
29 121.33 154.00
30 126.00 154.00
31 130.67 154.00
32 135.33 154.00
33 140.00 154.00
34 144.67 154.00
35 149.33 154.00
36 154.00 154.00
37 158.67 154.00
38 163.33 154.00
39 168.00 154.00
40 172.67 154.00
41 177.33 154.00
42 182.00 154.00
43 186.67 154.00
44 191.33 154.00
45 196.00 154.00
46 200.67 154.00
47 205.33 154.00
48 210.00 154.00
49 214.67 154.00
50 219.33 154.00
51 224.00 154.00
52 228.67 154.00
53 233.33 154.00
54 238.00 154.00
55 242.67 154.00
56 247.33 154.00
57 252.00 154.00
58 256.67 154.00
59 261.33 154.00
60 266.00 154.00
61 270.67 154.00
62 275.33 154.00
63 280.00 154.00
64 282.80 154.00
65 285.60 154.00
66 288.40 154.00
67 291.20 154.00
68 294.00 154.00
69 294.00 151.20
70 294.00 148.40
71 294.00 145.60
72 294.00 142.80
73 294.00 140.00
74 291.20 140.00
75 288.40 140.00
76 285.60 140.00
77 282.80 140.00
78 280.00 140.00
79 277.20 140.00
80 274.40 140.00
81 271.60 140.00
82 268.80 140.00
83 266.00 140.00
84 266.00 137.20
85 266.00 134.40
86 266.00 131.60
87 266.00 128.80
88 266.00 126.00
89 268.80 126.00
90 271.60 126.00
91 274.40 126.00
92 277.20 126.00
93 280.00 126.00
94 284.67 126.00
95 289.33 126.00
96 294.00 126.00
97 298.67 126.00
98 303.33 126.00
99 308.00 126.00
100 310.80 126.00
101 313.60 126.00
102 316.40 126.00
103 319.20 126.00
104 322.00 126.00
105 322.00 123.20
106 322.00 120.40
107 322.00 117.60
108 322.00 114.80
109 322.00 112.00
110 319.20 112.00
111 316.40 112.00
112 313.60 112.00
113 310.80 112.00
114 308.00 112.00
115 303.33 112.00
116 298.67 112.00
117 294.00 112.00
118 289.33 112.00
119 284.67 112.00
120 280.00 112.00
121 275.33 112.00
122 270.67 112.00
123 266.00 112.00
124 263.20 112.00
125 260.40 112.00
126 257.60 112.00
127 254.80 112.00
128 252.00 112.00
129 252.00 114.80
130 252.00 117.60
131 252.00 120.40
132 252.00 123.20
133 252.00 126.00
134 252.00 128.80
135 252.00 131.60
136 252.00 134.40
137 252.00 137.20
138 252.00 140.00
139 249.20 140.00
140 246.40 140.00
141 243.60 140.00
142 240.80 140.00
143 238.00 140.00
144 233.33 140.00
145 228.67 140.00
146 224.00 140.00
147 219.33 140.00
148 214.67 140.00
149 210.00 140.00
150 205.33 140.00
151 200.67 140.00
152 196.00 140.00
153 191.33 140.00
154 186.67 140.00
155 182.00 140.00
156 177.33 140.00
157 172.67 140.00
158 168.00 140.00
159 163.33 140.00
160 158.67 140.00
161 154.00 140.00
162 149.33 140.00
163 144.67 140.00
164 140.00 140.00
165 135.33 140.00
166 130.67 140.00
167 126.00 140.00
168 121.33 140.00
169 116.67 140.00
170 112.00 140.00
171 107.33 140.00
172 102.67 140.00
173 98.00 140.00
174 93.33 140.00
175 88.67 140.00
176 84.00 140.00
177 79.33 140.00
178 74.67 140.00
179 70.00 140.00
180 65.33 140.00
181 60.67 140.00
182 56.00 140.00
183 51.33 140.00
184 46.67 140.00
185 42.00 140.00
186 39.20 140.00
187 36.40 140.00
188 33.60 140.00
189 30.80 140.00
190 28.00 140.00
191 28.00 142.80
192 28.00 145.60
193 28.00 148.40
194 28.00 151.20
195 28.00 154.00
196 28.00 158.67
197 28.00 163.33
198 28.00 168.00
199 28.00 170.80
200 28.00 173.60
201 28.00 176.40
202 28.00 179.20
203 28.00 182.00
204 30.80 182.00
205 33.60 182.00
206 36.40 182.00
207 39.20 182.00
208 42.00 182.00
209 46.67 182.00
210 51.33 182.00
211 56.00 182.00
212 60.67 182.00
213 65.33 182.00
214 70.00 182.00
215 74.67 182.00
216 79.33 182.00
217 84.00 182.00
218 88.67 182.00
219 93.33 182.00
220 98.00 182.00
221 102.67 182.00
222 107.33 182.00
223 112.00 182.00
224 116.67 182.00
225 121.33 182.00
226 126.00 182.00
227 130.67 182.00
228 135.33 182.00
229 140.00 182.00
230 144.67 182.00
231 149.33 182.00
232 154.00 182.00
233 158.67 182.00
234 163.33 182.00
235 168.00 182.00
236 172.67 182.00
237 177.33 182.00
238 182.00 182.00
239 186.67 182.00
240 191.33 182.00
241 196.00 182.00
242 200.67 182.00
243 205.33 182.00
244 210.00 182.00
245 214.67 182.00
246 219.33 182.00
247 224.00 182.00
248 228.67 182.00
249 233.33 182.00
250 238.00 182.00
251 242.67 182.00
252 247.33 182.00
253 252.00 182.00
254 254.80 182.00
255 257.60 182.00
256 260.40 182.00
257 263.20 182.00
258 266.00 182.00
259 266.00 179.20
260 266.00 176.40
261 266.00 173.60
262 266.00 170.80
263 266.00 168.00
264 263.20 168.00
265 260.40 168.00
266 257.60 168.00
267 254.80 168.00
268 252.00 168.00
269 247.33 168.00
270 242.67 168.00
271 238.00 168.00
272 233.33 168.00
273 228.67 168.00
274 224.00 168.00
275 219.33 168.00
276 214.67 168.00
277 210.00 168.00
278 205.33 168.00
279 200.67 168.00
280 196.00 168.00
281 191.33 168.00
282 186.67 168.00
283 182.00 168.00
284 177.33 168.00
285 172.67 168.00
286 168.00 168.00
287 163.33 168.00
288 158.67 168.00
289 154.00 168.00
290 149.33 168.00
291 144.67 168.00
292 140.00 168.00
293 135.33 168.00
294 130.67 168.00
295 126.00 168.00
296 121.33 168.00
297 116.67 168.00
298 112.00 168.00
299 107.33 168.00
300 102.67 168.00
301 98.00 168.00
302 93.33 168.00
303 88.67 168.00
304 84.00 168.00
305 79.33 168.00
306 74.67 168.00
307 70.00 168.00
